s whole twice missed
0.0 1.0 0.76897 0.0
0.5 1.0 0.76436 0.0
1.0 1.0 0.70338 0.0
1.5 1.0 0.56794 0.0
2.0 1.0 0.4806 0.0
2.5 1.0 0.37033 0.0
3.0 1.0 0.26016 0.0
3.5 1.0 0.16135 0.0
4.0 1.0 0.07904 0.0
4.5 1.0 0.03427 0.0
5.0 1.0 0.01118 0.0
5.5 1.0 0.00122 0.0
6.0 1.0 0.0 0.0
6.5 1.0 0.0 0.0
7.0 1.0 0.0 0.0
7.5 1.0 0.0 0.0
8.0 1.0 0.0 0.0
8.5 1.0 0.0 0.0
9.0 1.0 0.0 0.0
9.5 1.0 0.0 0.0
10.0 1.0 0.0 0.0
10.5 1.0 0.0 0.0
11.0 1.0 0.0 0.0
11.5 1.0 0.0 0.0
12.0 1.0 0.0 0.0
12.5 1.0 0.0 0.0
13.0 1.0 0.0 0.0
13.5 1.0 0.0 0.0
14.0 1.0 0.0 0.0
14.5 1.0 0.0 0.0
15.0 1.0 0.0 0.0
