x y seen unseen
0.0000 -0.0000 -0.0000 nan
0.0400 -0.0000 -0.0000 nan
0.0800 -0.0002 -0.0002 nan
0.1200 -0.0004 -0.0004 nan
0.1600 -0.0007 -0.0007 nan
0.2000 -0.0011 -0.0011 nan
0.2400 -0.0015 -0.0015 nan
0.2800 -0.0021 -0.0021 nan
0.3200 -0.0027 -0.0027 nan
0.3600 -0.0034 -0.0034 nan
0.4000 -0.0042 -0.0042 nan
0.4400 -0.0051 -0.0051 nan
0.4800 -0.0060 -0.0060 nan
0.5200 -0.0071 -0.0071 nan
0.5600 -0.0082 -0.0082 nan
0.6000 -0.0094 -0.0094 nan
0.6400 -0.0107 -0.0107 nan
0.6800 -0.0121 -0.0121 nan
0.7200 -0.0136 -0.0136 nan
0.7600 -0.0151 -0.0151 nan
0.8000 -0.0168 -0.0168 nan
0.8400 -0.0185 -0.0185 nan
0.8800 -0.0203 -0.0203 nan
0.9200 -0.0222 -0.0222 nan
0.9600 -0.0241 -0.0241 nan
1.0000 -0.0262 -0.0262 nan
1.0400 -0.0283 -0.0283 nan
1.0800 -0.0305 -0.0305 nan
1.1200 -0.0328 -0.0328 nan
1.1600 -0.0351 -0.0351 nan
1.2000 -0.0376 -0.0376 nan
1.2400 -0.0401 -0.0401 nan
1.2800 -0.0427 -0.0427 nan
1.3200 -0.0454 -0.0454 nan
1.3600 -0.0482 -0.0482 nan
1.4000 -0.0510 -0.0510 nan
1.4400 -0.0539 -0.0539 nan
1.4800 -0.0570 -0.0570 nan
1.5200 -0.0600 -0.0600 nan
1.5600 -0.0632 -0.0632 nan
1.6000 -0.0664 -0.0664 nan
1.6400 -0.0698 -0.0698 nan
1.6800 -0.0732 -0.0732 nan
1.7200 -0.0766 -0.0766 nan
1.7600 -0.0802 -0.0802 nan
1.8000 -0.0838 -0.0838 nan
1.8400 -0.0875 -0.0875 nan
1.8800 -0.0913 -0.0913 nan
1.9200 -0.0952 -0.0952 nan
1.9600 -0.0991 -0.0991 nan
2.0000 -0.1031 -0.1031 nan
2.0400 -0.1072 -0.1072 nan
2.0800 -0.1113 -0.1113 nan
2.1200 -0.1156 -0.1156 nan
2.1600 -0.1199 -0.1199 nan
2.2000 -0.1242 -0.1242 nan
2.2400 -0.1287 -0.1287 nan
2.2800 -0.1332 -0.1332 nan
2.3200 -0.1378 -0.1378 nan
2.3600 -0.1424 -0.1424 nan
2.4000 -0.1472 -0.1472 nan
2.4400 -0.1520 -0.1520 nan
2.4800 -0.1569 -0.1569 nan
2.5200 -0.1618 -0.1618 nan
2.5600 -0.1668 -0.1668 nan
2.6000 -0.1719 -0.1719 nan
2.6400 -0.1770 -0.1770 nan
2.6800 -0.1823 -0.1823 nan
2.7200 -0.1875 -0.1875 nan
2.7600 -0.1929 -0.1929 nan
2.8000 -0.1983 -0.1983 nan
2.8400 -0.2038 -0.2038 nan
2.8800 -0.2093 -0.2093 nan
2.9200 -0.2149 -0.2149 nan
2.9600 -0.2206 -0.2206 nan
3.0000 -0.2263 -0.2263 nan
3.0400 -0.2321 -0.2321 nan
3.0800 -0.2380 -0.2380 nan
3.1200 -0.2439 -0.2439 nan
3.1600 -0.2499 -0.2499 nan
3.2000 -0.2560 -0.2560 nan
3.2400 -0.2621 -0.2621 nan
3.2800 -0.2682 -0.2682 nan
3.3200 -0.2745 -0.2745 nan
3.3600 -0.2807 -0.2807 nan
3.4000 -0.2871 -0.2871 nan
3.4400 -0.2935 -0.2935 nan
3.4800 -0.2999 -0.2999 nan
3.5200 -0.3065 -0.3065 nan
3.5600 -0.3130 -0.3130 nan
3.6000 -0.3196 -0.3196 nan
3.6400 -0.3263 -0.3263 nan
3.6800 -0.3331 -0.3331 nan
3.7200 -0.3398 -0.3398 nan
3.7600 -0.3467 -0.3467 nan
3.8000 -0.3536 -0.3536 nan
3.8400 -0.3605 -0.3605 nan
3.8800 -0.3675 -0.3675 nan
3.9200 -0.3745 -0.3745 nan
3.9600 -0.3816 -0.3816 nan
4.0000 -0.3887 -0.3887 nan
4.0400 -0.3959 -0.3959 nan
4.0800 -0.4032 -0.4032 nan
4.1200 -0.4104 -0.4104 nan
4.1600 -0.4178 -0.4178 nan
4.2000 -0.4251 -0.4251 nan
4.2400 -0.4325 -0.4325 nan
4.2800 -0.4400 -0.4400 nan
4.3200 -0.4475 -0.4475 nan
4.3600 -0.4550 -0.4550 nan
4.4000 -0.4626 -0.4626 nan
4.4400 -0.4702 -0.4702 nan
4.4800 -0.4779 -0.4779 nan
4.5200 -0.4856 -0.4856 nan
4.5600 -0.4934 -0.4934 nan
4.6000 -0.5011 -0.5011 nan
4.6400 -0.5090 -0.5090 nan
4.6800 -0.5168 -0.5168 nan
4.7200 -0.5247 -0.5247 nan
4.7600 -0.5326 -0.5326 nan
4.8000 -0.5406 -0.5406 nan
4.8400 -0.5486 -0.5486 nan
4.8800 -0.5566 -0.5566 nan
4.9200 -0.5647 -0.5647 nan
4.9600 -0.5727 -0.5727 nan
5.0000 -0.5809 -0.5809 nan
5.0400 -0.5890 -0.5890 nan
5.0800 -0.5972 -0.5972 nan
5.1200 -0.6054 -0.6054 nan
5.1600 -0.6136 -0.6136 nan
5.2000 -0.6219 -0.6219 nan
5.2400 -0.6302 -0.6302 nan
5.2800 -0.6385 -0.6385 nan
5.3200 -0.6468 -0.6468 nan
5.3600 -0.6552 -0.6552 nan
5.4000 -0.6636 -0.6636 nan
5.4400 -0.6720 -0.6720 nan
5.4800 -0.6804 -0.6804 nan
5.5200 -0.6889 -0.6889 nan
5.5600 -0.6973 -0.6973 nan
5.6000 -0.7058 -0.7058 nan
5.6400 -0.7143 -0.7143 nan
5.6800 -0.7228 -0.7228 nan
5.7200 -0.7314 -0.7314 nan
5.7600 -0.7399 -0.7399 nan
5.8000 -0.7485 -0.7485 nan
5.8400 -0.7571 -0.7571 nan
5.8800 -0.7657 -0.7657 nan
5.9200 -0.7743 -0.7743 nan
5.9600 -0.7829 -0.7829 nan
6.0000 -0.7915 -0.7915 nan
6.0400 -0.8002 -0.8002 nan
6.0800 -0.8088 -0.8088 nan
6.1200 -0.8175 -0.8175 nan
6.1600 -0.8262 -0.8262 nan
6.2000 -0.8348 -0.8348 nan
6.2400 -0.8435 -0.8435 nan
6.2800 -0.8522 -0.8522 nan
6.3200 -0.8609 -0.8609 nan
6.3600 -0.8696 -0.8696 nan
6.4000 -0.8783 -0.8783 nan
6.4400 -0.8870 -0.8870 nan
6.4800 -0.8957 -0.8957 nan
6.5200 -0.9044 -0.9044 nan
6.5600 -0.9131 -0.9131 nan
6.6000 -0.9218 -0.9218 nan
6.6400 -0.9305 -0.9305 nan
6.6800 -0.9392 -0.9392 nan
6.7200 -0.9479 -0.9479 nan
6.7600 -0.9566 -0.9566 nan
6.8000 -0.9652 -0.9652 nan
6.8400 -0.9739 -0.9739 nan
6.8800 -0.9826 -0.9826 nan
6.9200 -0.9912 -0.9912 nan
6.9600 -0.9999 -0.9999 nan
7.0000 -1.0085 -1.0085 nan
7.0400 -1.0172 -1.0172 nan
7.0800 -1.0258 -1.0258 nan
7.1200 -1.0344 -1.0344 nan
7.1600 -1.0430 -1.0430 nan
7.2000 -1.0516 -1.0516 nan
7.2400 -1.0602 -1.0602 nan
7.2800 -1.0687 -1.0687 nan
7.3200 -1.0773 -1.0773 nan
7.3600 -1.0858 -1.0858 nan
7.4000 -1.0943 -1.0943 nan
7.4400 -1.1028 -1.1028 nan
7.4800 -1.1112 -1.1112 nan
7.5200 -1.1197 -1.1197 nan
7.5600 -1.1281 -1.1281 nan
7.6000 -1.1365 -1.1365 nan
7.6400 -1.1449 -1.1449 nan
7.6800 -1.1533 -1.1533 nan
7.7200 -1.1616 -1.1616 nan
7.7600 -1.1699 -1.1699 nan
7.8000 -1.1782 -1.1782 nan
7.8400 -1.1865 -1.1865 nan
7.8800 -1.1947 -1.1947 nan
7.9200 -1.2029 -1.2029 nan
7.9600 -1.2111 -1.2111 nan
8.0000 -1.2193 -1.2193 nan
8.0400 -1.2274 -1.2274 nan
8.0800 -1.2355 -1.2355 nan
8.1200 -1.2436 -1.2436 nan
8.1600 -1.2516 -1.2516 nan
8.2000 -1.2596 -1.2596 nan
8.2400 -1.2676 -1.2676 nan
8.2800 -1.2755 -1.2755 nan
8.3200 -1.2834 -1.2834 nan
8.3600 -1.2912 -1.2912 nan
8.4000 -1.2991 -1.2991 nan
8.4400 -1.3069 -1.3069 nan
8.4800 -1.3146 -1.3146 nan
8.5200 -1.3223 -1.3223 nan
8.5600 -1.3300 -1.3300 nan
8.6000 -1.3376 -1.3376 nan
8.6400 -1.3452 -1.3452 nan
8.6800 -1.3528 -1.3528 nan
8.7200 -1.3603 -1.3603 nan
8.7600 -1.3677 -1.3677 nan
8.8000 -1.3752 -1.3752 nan
8.8400 -1.3826 -1.3826 nan
8.8800 -1.3899 -1.3899 nan
8.9200 -1.3972 -1.3972 nan
8.9600 -1.4044 -1.4044 nan
9.0000 -1.4116 -1.4116 nan
9.0400 -1.4188 -1.4188 nan
9.0800 -1.4259 -1.4259 nan
9.1200 -1.4329 -1.4329 nan
9.1600 -1.4399 -1.4399 nan
9.2000 -1.4469 -1.4469 nan
9.2400 -1.4538 -1.4538 nan
9.2800 -1.4606 -1.4606 nan
9.3200 -1.4675 -1.4675 nan
9.3600 -1.4742 -1.4742 nan
9.4000 -1.4809 -1.4809 nan
9.4400 -1.4875 -1.4875 nan
9.4800 -1.4941 -1.4941 nan
9.5200 -1.5007 -1.5007 nan
9.5600 -1.5072 -1.5072 nan
9.6000 -1.5136 -1.5136 nan
9.6400 -1.5200 -1.5200 nan
9.6800 -1.5263 -1.5263 nan
9.7200 -1.5325 -1.5325 nan
9.7600 -1.5387 -1.5387 nan
9.8000 -1.5449 -1.5449 nan
9.8400 -1.5510 -1.5510 nan
9.8800 -1.5570 -1.5570 nan
9.9200 -1.5630 -1.5630 nan
9.9600 -1.5689 -1.5689 nan
10.0000 -1.5747 -1.5747 nan
10.0400 -1.5805 -1.5805 nan
10.0800 -1.5862 -1.5862 nan
10.1200 -1.5919 -1.5919 nan
10.1600 -1.5975 -1.5975 nan
10.2000 -1.6030 -1.6030 nan
10.2400 -1.6085 -1.6085 nan
10.2800 -1.6139 -1.6139 nan
10.3200 -1.6193 -1.6193 nan
10.3600 -1.6246 -1.6246 nan
10.4000 -1.6298 -1.6298 nan
10.4400 -1.6350 -1.6350 nan
10.4800 -1.6401 -1.6401 nan
10.5200 -1.6451 -1.6451 nan
10.5600 -1.6501 -1.6501 nan
10.6000 -1.6550 -1.6550 nan
10.6400 -1.6598 -1.6598 nan
10.6800 -1.6646 -1.6646 nan
10.7200 -1.6693 -1.6693 nan
10.7600 -1.6740 -1.6740 nan
10.8000 -1.6785 -1.6785 nan
10.8400 -1.6831 -1.6831 nan
10.8800 -1.6875 -1.6875 nan
10.9200 -1.6919 -1.6919 nan
10.9600 -1.6962 -1.6962 nan
11.0000 -1.7005 -1.7005 nan
11.0400 -1.7047 -1.7047 nan
11.0800 -1.7088 -1.7088 nan
11.1200 -1.7129 -1.7129 nan
11.1600 -1.7169 -1.7169 nan
11.2000 -1.7209 -1.7209 nan
11.2400 -1.7248 -1.7248 nan
11.2800 -1.7286 -1.7286 nan
11.3200 -1.7324 -1.7324 nan
11.3600 -1.7361 -1.7361 nan
11.4000 -1.7398 -1.7398 nan
11.4400 -1.7434 -1.7434 nan
11.4800 -1.7470 -1.7470 nan
11.5200 -1.7505 -1.7505 nan
11.5600 -1.7539 -1.7539 nan
11.6000 -1.7573 -1.7573 nan
11.6400 -1.7607 -1.7607 nan
11.6800 -1.7640 -1.7640 nan
11.7200 -1.7673 -1.7673 nan
11.7600 -1.7705 -1.7705 nan
11.8000 -1.7737 -1.7737 nan
11.8400 -1.7769 -1.7769 nan
11.8800 -1.7800 -1.7800 nan
11.9200 -1.7831 -1.7831 nan
11.9600 -1.7862 -1.7862 nan
12.0000 -1.7893 -1.7893 nan
12.0400 -1.7923 -1.7923 nan
12.0800 -1.7954 -1.7954 nan
12.1200 -1.7985 -1.7985 nan
12.1600 -1.8015 -1.8015 nan
12.2000 -1.8046 -1.8046 nan
12.2400 -1.8077 -1.8077 nan
12.2800 -1.8109 -1.8109 nan
12.3200 -1.8140 -1.8140 nan
12.3600 -1.8173 -1.8173 nan
12.4000 -1.8206 -1.8206 nan
12.4400 -1.8240 -1.8240 nan
12.4800 -1.8274 -1.8274 nan
12.5200 -1.8310 -1.8310 nan
12.5600 -1.8347 -1.8347 nan
12.6000 -1.8386 -1.8386 nan
12.6400 -1.8426 -1.8426 nan
12.6800 -1.8468 -1.8468 nan
12.7200 -1.8513 -1.8513 nan
12.7600 -1.8560 -1.8560 nan
12.8000 -1.8609 -1.8609 nan
12.8400 -1.8662 -1.8662 nan
12.8800 -1.8719 -1.8719 nan
12.9200 -1.8779 -1.8779 nan
12.9600 -1.8844 -1.8844 nan
13.0000 -1.8913 -1.8913 nan
13.0400 -1.8989 -1.8989 nan
13.0800 -1.9070 -1.9070 nan
13.1200 -1.9159 -1.9159 nan
13.1600 -1.9255 -1.9255 nan
13.2000 -1.9361 -1.9361 nan
13.2400 -1.9475 -1.9475 nan
13.2800 -1.9601 -1.9601 nan
13.3200 -1.9739 -1.9739 nan
13.3600 -1.9890 -1.9890 nan
13.4000 -2.0057 -2.0057 nan
13.4400 -2.0240 -2.0240 nan
13.4800 -2.0442 -2.0442 nan
13.5200 -2.0666 -2.0666 nan
13.5600 -2.0912 -2.0912 nan
13.6000 -2.1185 -2.1185 nan
13.6400 -2.1487 -2.1487 nan
13.6800 -2.1822 -2.1822 nan
13.7200 -2.2193 -2.2193 nan
13.7600 -2.2604 -2.2604 nan
13.8000 -2.3061 -2.3061 nan
13.8400 -2.3569 -2.3569 nan
13.8800 -2.4133 -2.4133 nan
13.9200 -2.4759 -2.4759 nan
13.9600 -2.5455 -2.5455 nan
14.0000 -2.6229 -2.6229 nan
14.0400 -2.7088 -2.7088 nan
14.0800 -2.8042 -2.8042 nan
14.1200 -2.9101 -2.9101 nan
14.1600 -3.0275 -3.0275 nan
14.2000 -3.1575 -3.1575 nan
14.2400 -3.3014 -3.3014 nan
14.2800 -3.4601 -3.4601 nan
14.3200 -3.6351 -3.6351 nan
14.3600 -3.8274 -3.8274 nan
14.4000 -4.0381 -4.0381 nan
14.4400 -4.2681 -4.2681 nan
14.4800 -4.5183 -4.5183 nan
14.5200 -4.7891 -4.7891 nan
14.5600 -5.0808 -5.0808 nan
14.6000 -5.3930 -5.3930 nan
14.6400 -5.7251 -5.7251 nan
14.6410 -5.7336 -5.7336 nan
14.6420 -5.7422 -5.7422 -5.7422
14.6800 -6.0757 nan -6.0757
14.7200 -6.4429 nan -6.4429
14.7600 -6.8241 nan -6.8241
14.8000 -7.2162 nan -7.2162
14.8400 -7.6154 nan -7.6154
14.8800 -8.0177 nan -8.0177
14.9200 -8.4185 nan -8.4185
14.9600 -8.8133 nan -8.8133
15.0000 -9.1977 nan -9.1977
15.0400 -9.5675 nan -9.5675
15.0800 -9.9189 nan -9.9189
15.1200 -10.2490 nan -10.2490
15.1600 -10.5553 nan -10.5553
15.2000 -10.8362 nan -10.8362
15.2400 -11.0910 nan -11.0910
15.2800 -11.3194 nan -11.3194
15.3200 -11.5221 nan -11.5221
15.3600 -11.6999 nan -11.6999
15.4000 -11.8544 nan -11.8544
15.4400 -11.9872 nan -11.9872
15.4800 -12.1002 nan -12.1002
15.5200 -12.1954 nan -12.1954
15.5600 -12.2747 nan -12.2747
15.6000 -12.3400 nan -12.3400
15.6400 -12.3933 nan -12.3933
15.6800 -12.4360 nan -12.4360
15.7200 -12.4699 nan -12.4699
15.7600 -12.4962 nan -12.4962
15.8000 -12.5162 nan -12.5162
15.8400 -12.5309 nan -12.5309
15.8800 -12.5413 nan -12.5413
15.9200 -12.5481 nan -12.5481
15.9600 -12.5520 nan -12.5520
16.0000 -12.5537 nan -12.5537
16.0400 -12.5534 nan -12.5534
16.0800 -12.5517 nan -12.5517
16.1200 -12.5489 nan -12.5489
16.1600 -12.5451 nan -12.5451
16.2000 -12.5407 nan -12.5407
16.2400 -12.5357 nan -12.5357
16.2800 -12.5303 nan -12.5303
16.3200 -12.5246 nan -12.5246
16.3600 -12.5187 nan -12.5187
16.4000 -12.5126 nan -12.5126
16.4400 -12.5063 nan -12.5063
16.4800 -12.5000 nan -12.5000
16.5200 -12.4935 nan -12.4935
16.5600 -12.4870 nan -12.4870
16.6000 -12.4803 nan -12.4803
16.6400 -12.4737 nan -12.4737
16.6800 -12.4669 nan -12.4669
16.7200 -12.4602 nan -12.4602
16.7600 -12.4533 nan -12.4533
16.8000 -12.4464 nan -12.4464
16.8400 -12.4395 nan -12.4395
16.8800 -12.4325 nan -12.4325
16.9200 -12.4255 nan -12.4255
16.9600 -12.4184 nan -12.4184
17.0000 -12.4113 nan -12.4113
17.0400 -12.4041 nan -12.4041
17.0800 -12.3968 nan -12.3968
17.1200 -12.3896 nan -12.3896
17.1600 -12.3822 nan -12.3822
17.2000 -12.3749 nan -12.3749
17.2400 -12.3675 nan -12.3675
17.2800 -12.3600 nan -12.3600
17.3200 -12.3525 nan -12.3525
17.3600 -12.3450 nan -12.3450
17.4000 -12.3374 nan -12.3374
17.4400 -12.3297 nan -12.3297
17.4800 -12.3220 nan -12.3220
17.5200 -12.3143 nan -12.3143
17.5600 -12.3065 nan -12.3065
17.6000 -12.2985 nan -12.2985
17.6400 -12.2905 nan -12.2905
17.6800 -12.2823 nan -12.2823
17.7200 -12.2739 nan -12.2739
17.7600 -12.2652 nan -12.2652
17.8000 -12.2561 nan -12.2561
17.8400 -12.2465 nan -12.2465
17.8800 -12.2362 nan -12.2362
17.9200 -12.2251 nan -12.2251
17.9600 -12.2128 nan -12.2128
18.0000 -12.1991 nan -12.1991
18.0400 -12.1836 nan -12.1836
18.0800 -12.1658 nan -12.1658
18.1200 -12.1452 nan -12.1452
18.1600 -12.1210 nan -12.1210
18.2000 -12.0926 nan -12.0926
18.2400 -12.0589 nan -12.0589
18.2800 -12.0189 nan -12.0189
18.3200 -11.9715 nan -11.9715
18.3600 -11.9151 nan -11.9151
18.4000 -11.8484 nan -11.8484
18.4400 -11.7695 nan -11.7695
18.4800 -11.6768 nan -11.6768
18.5200 -11.5682 nan -11.5682
18.5600 -11.4418 nan -11.4418
18.6000 -11.2958 nan -11.2958
18.6400 -11.1281 nan -11.1281
18.6800 -10.9370 nan -10.9370
18.7200 -10.7213 nan -10.7213
18.7600 -10.4797 nan -10.4797
18.8000 -10.2120 nan -10.2120
18.8400 -9.9181 nan -9.9181
18.8800 -9.5989 nan -9.5989
18.9200 -9.2560 nan -9.2560
18.9600 -8.8918 nan -8.8918
19.0000 -8.5093 nan -8.5093
19.0400 -8.1123 nan -8.1123
19.0800 -7.7049 nan -7.7049
19.1200 -7.2915 nan -7.2915
19.1600 -6.8768 nan -6.8768
19.2000 -6.4652 nan -6.4652
19.2400 -6.0608 nan -6.0608
19.2800 -5.6673 nan -5.6673
19.3200 -5.2880 nan -5.2880
19.3430 -5.0773 nan -5.0773
19.3440 -5.0682 -5.0682 -5.0682
19.3600 -4.9253 -4.9253 nan
19.4000 -4.5812 -4.5812 nan
19.4400 -4.2570 -4.2570 nan
19.4800 -3.9535 -3.9535 nan
19.5200 -3.6709 -3.6709 nan
19.5600 -3.4090 -3.4090 nan
19.6000 -3.1673 -3.1673 nan
19.6400 -2.9451 -2.9451 nan
19.6800 -2.7414 -2.7414 nan
19.7200 -2.5550 -2.5550 nan
19.7600 -2.3850 -2.3850 nan
19.8000 -2.2299 -2.2299 nan
19.8400 -2.0888 -2.0888 nan
19.8800 -1.9603 -1.9603 nan
19.9200 -1.8435 -1.8435 nan
19.9600 -1.7372 -1.7372 nan
20.0000 -1.6405 -1.6405 nan
20.0400 -1.5525 -1.5525 nan
20.0800 -1.4723 -1.4723 nan
20.1200 -1.3992 -1.3992 nan
20.1600 -1.3324 -1.3324 nan
20.2000 -1.2714 -1.2714 nan
20.2400 -1.2155 -1.2155 nan
20.2800 -1.1642 -1.1642 nan
20.3200 -1.1171 -1.1171 nan
20.3600 -1.0737 -1.0737 nan
20.4000 -1.0337 -1.0337 nan
20.4400 -0.9968 -0.9968 nan
20.4800 -0.9625 -0.9625 nan
20.5200 -0.9307 -0.9307 nan
20.5600 -0.9011 -0.9011 nan
20.6000 -0.8735 -0.8735 nan
20.6400 -0.8476 -0.8476 nan
20.6800 -0.8234 -0.8234 nan
20.7200 -0.8007 -0.8007 nan
20.7600 -0.7792 -0.7792 nan
20.8000 -0.7590 -0.7590 nan
20.8400 -0.7398 -0.7398 nan
20.8800 -0.7217 -0.7217 nan
20.9200 -0.7044 -0.7044 nan
20.9600 -0.6879 -0.6879 nan
21.0000 -0.6722 -0.6722 nan
21.0400 -0.6571 -0.6571 nan
21.0800 -0.6427 -0.6427 nan
21.1200 -0.6288 -0.6288 nan
21.1600 -0.6155 -0.6155 nan
21.2000 -0.6026 -0.6026 nan
21.2400 -0.5901 -0.5901 nan
21.2800 -0.5780 -0.5780 nan
21.3200 -0.5663 -0.5663 nan
21.3600 -0.5550 -0.5550 nan
21.4000 -0.5439 -0.5439 nan
21.4400 -0.5332 -0.5332 nan
21.4800 -0.5227 -0.5227 nan
21.5200 -0.5124 -0.5124 nan
21.5600 -0.5024 -0.5024 nan
21.6000 -0.4926 -0.4926 nan
21.6400 -0.4831 -0.4831 nan
21.6800 -0.4737 -0.4737 nan
21.7200 -0.4644 -0.4644 nan
21.7600 -0.4554 -0.4554 nan
21.8000 -0.4465 -0.4465 nan
21.8400 -0.4378 -0.4378 nan
21.8800 -0.4292 -0.4292 nan
21.9200 -0.4207 -0.4207 nan
21.9600 -0.4124 -0.4124 nan
22.0000 -0.4042 -0.4042 nan
22.0400 -0.3961 -0.3961 nan
22.0800 -0.3881 -0.3881 nan
22.1200 -0.3802 -0.3802 nan
22.1600 -0.3725 -0.3725 nan
22.2000 -0.3648 -0.3648 nan
22.2400 -0.3573 -0.3573 nan
22.2800 -0.3498 -0.3498 nan
22.3200 -0.3424 -0.3424 nan
22.3600 -0.3352 -0.3352 nan
22.4000 -0.3280 -0.3280 nan
22.4400 -0.3209 -0.3209 nan
22.4800 -0.3139 -0.3139 nan
22.5200 -0.3069 -0.3069 nan
22.5600 -0.3001 -0.3001 nan
22.6000 -0.2933 -0.2933 nan
22.6400 -0.2866 -0.2866 nan
22.6800 -0.2800 -0.2800 nan
22.7200 -0.2735 -0.2735 nan
22.7600 -0.2670 -0.2670 nan
22.8000 -0.2607 -0.2607 nan
22.8400 -0.2544 -0.2544 nan
22.8800 -0.2482 -0.2482 nan
22.9200 -0.2420 -0.2420 nan
22.9600 -0.2359 -0.2359 nan
23.0000 -0.2299 -0.2299 nan
23.0400 -0.2240 -0.2240 nan
23.0800 -0.2182 -0.2182 nan
23.1200 -0.2124 -0.2124 nan
23.1600 -0.2067 -0.2067 nan
23.2000 -0.2011 -0.2011 nan
23.2400 -0.1955 -0.1955 nan
23.2800 -0.1900 -0.1900 nan
23.3200 -0.1846 -0.1846 nan
23.3600 -0.1793 -0.1793 nan
23.4000 -0.1740 -0.1740 nan
23.4400 -0.1688 -0.1688 nan
23.4800 -0.1637 -0.1637 nan
23.5200 -0.1587 -0.1587 nan
23.5600 -0.1537 -0.1537 nan
23.6000 -0.1489 -0.1489 nan
23.6400 -0.1440 -0.1440 nan
23.6800 -0.1393 -0.1393 nan
23.7200 -0.1346 -0.1346 nan
23.7600 -0.1301 -0.1301 nan
23.8000 -0.1255 -0.1255 nan
23.8400 -0.1211 -0.1211 nan
23.8800 -0.1168 -0.1168 nan
23.9200 -0.1125 -0.1125 nan
23.9600 -0.1083 -0.1083 nan
24.0000 -0.1041 -0.1041 nan
24.0400 -0.1001 -0.1001 nan
24.0800 -0.0961 -0.0961 nan
24.1200 -0.0922 -0.0922 nan
24.1600 -0.0884 -0.0884 nan
24.2000 -0.0846 -0.0846 nan
24.2400 -0.0810 -0.0810 nan
24.2800 -0.0774 -0.0774 nan
24.3200 -0.0739 -0.0739 nan
24.3600 -0.0705 -0.0705 nan
24.4000 -0.0671 -0.0671 nan
24.4400 -0.0638 -0.0638 nan
24.4800 -0.0607 -0.0607 nan
24.5200 -0.0575 -0.0575 nan
24.5600 -0.0545 -0.0545 nan
24.6000 -0.0516 -0.0516 nan
24.6400 -0.0487 -0.0487 nan
24.6800 -0.0459 -0.0459 nan
24.7200 -0.0432 -0.0432 nan
24.7600 -0.0406 -0.0406 nan
24.8000 -0.0380 -0.0380 nan
24.8400 -0.0356 -0.0356 nan
24.8800 -0.0332 -0.0332 nan
24.9200 -0.0309 -0.0309 nan
24.9600 -0.0287 -0.0287 nan
25.0000 -0.0265 -0.0265 nan
25.0400 -0.0245 -0.0245 nan
25.0800 -0.0225 -0.0225 nan
25.1200 -0.0206 -0.0206 nan
25.1600 -0.0188 -0.0188 nan
25.2000 -0.0171 -0.0171 nan
25.2400 -0.0154 -0.0154 nan
25.2800 -0.0139 -0.0139 nan
25.3200 -0.0124 -0.0124 nan
25.3600 -0.0110 -0.0110 nan
25.4000 -0.0097 -0.0097 nan
25.4400 -0.0085 -0.0085 nan
25.4800 -0.0073 -0.0073 nan
25.5200 -0.0063 -0.0063 nan
25.5600 -0.0053 -0.0053 nan
25.6000 -0.0044 -0.0044 nan
25.6400 -0.0036 -0.0036 nan
25.6800 -0.0029 -0.0029 nan
25.7200 -0.0022 -0.0022 nan
25.7600 -0.0017 -0.0017 nan
25.8000 -0.0012 -0.0012 nan
25.8400 -0.0008 -0.0008 nan
25.8800 -0.0005 -0.0005 nan
25.9200 -0.0003 -0.0003 nan
25.9600 -0.0002 -0.0002 nan
26.0000 -0.0001 -0.0001 nan
26.0400 -0.0002 -0.0002 nan
26.0800 -0.0003 -0.0003 nan
26.1200 -0.0005 -0.0005 nan
26.1600 -0.0008 -0.0008 nan
26.2000 -0.0012 -0.0012 nan
26.2400 -0.0016 -0.0016 nan
26.2800 -0.0022 -0.0022 nan
26.3200 -0.0028 -0.0028 nan
26.3600 -0.0035 -0.0035 nan
26.4000 -0.0043 -0.0043 nan
26.4400 -0.0052 -0.0052 nan
26.4800 -0.0061 -0.0061 nan
26.5200 -0.0072 -0.0072 nan
26.5600 -0.0083 -0.0083 nan
26.6000 -0.0095 -0.0095 nan
26.6400 -0.0108 -0.0108 nan
26.6800 -0.0122 -0.0122 nan
26.7200 -0.0137 -0.0137 nan
26.7600 -0.0152 -0.0152 nan
26.8000 -0.0168 -0.0168 nan
26.8400 -0.0186 -0.0186 nan
26.8800 -0.0203 -0.0203 nan
26.9200 -0.0222 -0.0222 nan
26.9600 -0.0242 -0.0242 nan
27.0000 -0.0262 -0.0262 nan
27.0400 -0.0283 -0.0283 nan
27.0800 -0.0305 -0.0305 nan
27.1200 -0.0328 -0.0328 nan
27.1600 -0.0352 -0.0352 nan
27.2000 -0.0376 -0.0376 nan
27.2400 -0.0402 -0.0402 nan
27.2800 -0.0428 -0.0428 nan
27.3200 -0.0455 -0.0455 nan
27.3600 -0.0482 -0.0482 nan
27.4000 -0.0511 -0.0511 nan
27.4400 -0.0540 -0.0540 nan
27.4800 -0.0570 -0.0570 nan
27.5200 -0.0601 -0.0601 nan
27.5600 -0.0632 -0.0632 nan
27.6000 -0.0665 -0.0665 nan
27.6400 -0.0698 -0.0698 nan
27.6800 -0.0732 -0.0732 nan
27.7200 -0.0767 -0.0767 nan
27.7600 -0.0802 -0.0802 nan
27.8000 -0.0839 -0.0839 nan
27.8400 -0.0876 -0.0876 nan
27.8800 -0.0913 -0.0913 nan
27.9200 -0.0952 -0.0952 nan
27.9600 -0.0991 -0.0991 nan
28.0000 -0.1031 -0.1031 nan
28.0400 -0.1072 -0.1072 nan
28.0800 -0.1114 -0.1114 nan
28.1200 -0.1156 -0.1156 nan
28.1600 -0.1199 -0.1199 nan
28.2000 -0.1243 -0.1243 nan
28.2400 -0.1287 -0.1287 nan
28.2800 -0.1332 -0.1332 nan
28.3200 -0.1378 -0.1378 nan
28.3600 -0.1425 -0.1425 nan
28.4000 -0.1472 -0.1472 nan
28.4400 -0.1520 -0.1520 nan
28.4800 -0.1569 -0.1569 nan
28.5200 -0.1618 -0.1618 nan
28.5600 -0.1668 -0.1668 nan
28.6000 -0.1719 -0.1719 nan
28.6400 -0.1771 -0.1771 nan
28.6800 -0.1823 -0.1823 nan
28.7200 -0.1876 -0.1876 nan
28.7600 -0.1929 -0.1929 nan
28.8000 -0.1983 -0.1983 nan
28.8400 -0.2038 -0.2038 nan
28.8800 -0.2093 -0.2093 nan
28.9200 -0.2150 -0.2150 nan
28.9600 -0.2206 -0.2206 nan
29.0000 -0.2264 -0.2264 nan
29.0400 -0.2322 -0.2322 nan
29.0800 -0.2380 -0.2380 nan
29.1200 -0.2440 -0.2440 nan
29.1600 -0.2499 -0.2499 nan
29.2000 -0.2560 -0.2560 nan
29.2400 -0.2621 -0.2621 nan
29.2800 -0.2683 -0.2683 nan
29.3200 -0.2745 -0.2745 nan
29.3600 -0.2808 -0.2808 nan
29.4000 -0.2871 -0.2871 nan
29.4400 -0.2935 -0.2935 nan
29.4800 -0.3000 -0.3000 nan
29.5200 -0.3065 -0.3065 nan
29.5600 -0.3130 -0.3130 nan
29.6000 -0.3197 -0.3197 nan
29.6400 -0.3263 -0.3263 nan
29.6800 -0.3331 -0.3331 nan
29.7200 -0.3399 -0.3399 nan
29.7600 -0.3467 -0.3467 nan
29.8000 -0.3536 -0.3536 nan
29.8400 -0.3605 -0.3605 nan
29.8800 -0.3675 -0.3675 nan
29.9200 -0.3745 -0.3745 nan
29.9600 -0.3816 -0.3816 nan
30.0000 -0.3888 -0.3888 nan
30.0400 -0.3960 -0.3960 nan
30.0800 -0.4032 -0.4032 nan
30.1200 -0.4105 -0.4105 nan
30.1600 -0.4178 -0.4178 nan
30.2000 -0.4252 -0.4252 nan
30.2400 -0.4326 -0.4326 nan
30.2800 -0.4400 -0.4400 nan
30.3200 -0.4475 -0.4475 nan
30.3600 -0.4551 -0.4551 nan
30.4000 -0.4626 -0.4626 nan
30.4400 -0.4703 -0.4703 nan
30.4800 -0.4779 -0.4779 nan
30.5200 -0.4856 -0.4856 nan
30.5600 -0.4934 -0.4934 nan
30.6000 -0.5012 -0.5012 nan
30.6400 -0.5090 -0.5090 nan
30.6800 -0.5168 -0.5168 nan
30.7200 -0.5247 -0.5247 nan
30.7600 -0.5326 -0.5326 nan
30.8000 -0.5406 -0.5406 nan
30.8400 -0.5486 -0.5486 nan
30.8800 -0.5566 -0.5566 nan
30.9200 -0.5647 -0.5647 nan
30.9600 -0.5728 -0.5728 nan
31.0000 -0.5809 -0.5809 nan
31.0400 -0.5890 -0.5890 nan
31.0800 -0.5972 -0.5972 nan
31.1200 -0.6054 -0.6054 nan
31.1600 -0.6137 -0.6137 nan
31.2000 -0.6219 -0.6219 nan
31.2400 -0.6302 -0.6302 nan
31.2800 -0.6385 -0.6385 nan
31.3200 -0.6469 -0.6469 nan
31.3600 -0.6552 -0.6552 nan
31.4000 -0.6636 -0.6636 nan
31.4400 -0.6720 -0.6720 nan
31.4800 -0.6804 -0.6804 nan
31.5200 -0.6889 -0.6889 nan
31.5600 -0.6974 -0.6974 nan
31.6000 -0.7058 -0.7058 nan
31.6400 -0.7144 -0.7144 nan
31.6800 -0.7229 -0.7229 nan
31.7200 -0.7314 -0.7314 nan
31.7600 -0.7400 -0.7400 nan
31.8000 -0.7485 -0.7485 nan
31.8400 -0.7571 -0.7571 nan
31.8800 -0.7657 -0.7657 nan
31.9200 -0.7743 -0.7743 nan
31.9600 -0.7830 -0.7830 nan
32.0000 -0.7916 -0.7916 nan
32.0400 -0.8002 -0.8002 nan
32.0800 -0.8089 -0.8089 nan
32.1200 -0.8175 -0.8175 nan
32.1600 -0.8262 -0.8262 nan
32.2000 -0.8349 -0.8349 nan
32.2400 -0.8436 -0.8436 nan
32.2800 -0.8523 -0.8523 nan
32.3200 -0.8610 -0.8610 nan
32.3600 -0.8696 -0.8696 nan
32.4000 -0.8783 -0.8783 nan
32.4400 -0.8870 -0.8870 nan
32.4800 -0.8958 -0.8958 nan
32.5200 -0.9045 -0.9045 nan
32.5600 -0.9132 -0.9132 nan
32.6000 -0.9219 -0.9219 nan
32.6400 -0.9306 -0.9306 nan
32.6800 -0.9393 -0.9393 nan
32.7200 -0.9479 -0.9479 nan
32.7600 -0.9566 -0.9566 nan
32.8000 -0.9653 -0.9653 nan
32.8400 -0.9740 -0.9740 nan
32.8800 -0.9827 -0.9827 nan
32.9200 -0.9913 -0.9913 nan
32.9600 -1.0000 -1.0000 nan
33.0000 -1.0086 -1.0086 nan
33.0400 -1.0173 -1.0173 nan
33.0800 -1.0259 -1.0259 nan
33.1200 -1.0345 -1.0345 nan
33.1600 -1.0431 -1.0431 nan
33.2000 -1.0517 -1.0517 nan
33.2400 -1.0603 -1.0603 nan
33.2800 -1.0688 -1.0688 nan
33.3200 -1.0774 -1.0774 nan
33.3600 -1.0859 -1.0859 nan
33.4000 -1.0944 -1.0944 nan
33.4400 -1.1029 -1.1029 nan
33.4800 -1.1114 -1.1114 nan
33.5200 -1.1198 -1.1198 nan
33.5600 -1.1283 -1.1283 nan
33.6000 -1.1367 -1.1367 nan
33.6400 -1.1451 -1.1451 nan
33.6800 -1.1534 -1.1534 nan
33.7200 -1.1618 -1.1618 nan
33.7600 -1.1701 -1.1701 nan
33.8000 -1.1784 -1.1784 nan
33.8400 -1.1867 -1.1867 nan
33.8800 -1.1949 -1.1949 nan
33.9200 -1.2031 -1.2031 nan
33.9600 -1.2113 -1.2113 nan
34.0000 -1.2195 -1.2195 nan
34.0400 -1.2276 -1.2276 nan
34.0800 -1.2357 -1.2357 nan
34.1200 -1.2438 -1.2438 nan
34.1600 -1.2518 -1.2518 nan
34.2000 -1.2598 -1.2598 nan
34.2400 -1.2678 -1.2678 nan
34.2800 -1.2758 -1.2758 nan
34.3200 -1.2837 -1.2837 nan
34.3600 -1.2915 -1.2915 nan
34.4000 -1.2994 -1.2994 nan
34.4400 -1.3072 -1.3072 nan
34.4800 -1.3149 -1.3149 nan
34.5200 -1.3227 -1.3227 nan
34.5600 -1.3303 -1.3303 nan
34.6000 -1.3380 -1.3380 nan
34.6400 -1.3456 -1.3456 nan
34.6800 -1.3532 -1.3532 nan
34.7200 -1.3607 -1.3607 nan
34.7600 -1.3682 -1.3682 nan
34.8000 -1.3756 -1.3756 nan
34.8400 -1.3830 -1.3830 nan
34.8800 -1.3904 -1.3904 nan
34.9200 -1.3977 -1.3977 nan
34.9600 -1.4049 -1.4049 nan
35.0000 -1.4121 -1.4121 nan
35.0400 -1.4193 -1.4193 nan
35.0800 -1.4264 -1.4264 nan
35.1200 -1.4335 -1.4335 nan
35.1600 -1.4405 -1.4405 nan
35.2000 -1.4475 -1.4475 nan
35.2400 -1.4545 -1.4545 nan
35.2800 -1.4613 -1.4613 nan
35.3200 -1.4682 -1.4682 nan
35.3600 -1.4750 -1.4750 nan
35.4000 -1.4817 -1.4817 nan
35.4400 -1.4884 -1.4884 nan
35.4800 -1.4950 -1.4950 nan
35.5200 -1.5016 -1.5016 nan
35.5600 -1.5081 -1.5081 nan
35.6000 -1.5146 -1.5146 nan
35.6400 -1.5210 -1.5210 nan
35.6800 -1.5273 -1.5273 nan
35.7200 -1.5336 -1.5336 nan
35.7600 -1.5399 -1.5399 nan
35.8000 -1.5461 -1.5461 nan
35.8400 -1.5522 -1.5522 nan
35.8800 -1.5583 -1.5583 nan
35.9200 -1.5644 -1.5644 nan
35.9600 -1.5703 -1.5703 nan
36.0000 -1.5762 -1.5762 nan
36.0400 -1.5821 -1.5821 nan
36.0800 -1.5879 -1.5879 nan
36.1200 -1.5936 -1.5936 nan
36.1600 -1.5993 -1.5993 nan
36.2000 -1.6050 -1.6050 nan
36.2400 -1.6105 -1.6105 nan
36.2800 -1.6160 -1.6160 nan
36.3200 -1.6215 -1.6215 nan
36.3600 -1.6269 -1.6269 nan
36.4000 -1.6322 -1.6322 nan
36.4400 -1.6375 -1.6375 nan
36.4800 -1.6428 -1.6428 nan
36.5200 -1.6479 -1.6479 nan
36.5600 -1.6530 -1.6530 nan
36.6000 -1.6581 -1.6581 nan
36.6400 -1.6631 -1.6631 nan
36.6800 -1.6681 -1.6681 nan
36.7200 -1.6729 -1.6729 nan
36.7600 -1.6778 -1.6778 nan
36.8000 -1.6826 -1.6826 nan
36.8400 -1.6873 -1.6873 nan
36.8800 -1.6920 -1.6920 nan
36.9200 -1.6966 -1.6966 nan
36.9600 -1.7012 -1.7012 nan
37.0000 -1.7058 -1.7058 nan
37.0400 -1.7102 -1.7102 nan
37.0800 -1.7147 -1.7147 nan
37.1200 -1.7191 -1.7191 nan
37.1600 -1.7235 -1.7235 nan
37.2000 -1.7278 -1.7278 nan
37.2400 -1.7321 -1.7321 nan
37.2800 -1.7363 -1.7363 nan
37.3200 -1.7405 -1.7405 nan
37.3600 -1.7447 -1.7447 nan
37.4000 -1.7489 -1.7489 nan
37.4400 -1.7531 -1.7531 nan
37.4800 -1.7572 -1.7572 nan
37.5200 -1.7613 -1.7613 nan
37.5600 -1.7654 -1.7654 nan
37.6000 -1.7695 -1.7695 nan
37.6400 -1.7736 -1.7736 nan
37.6800 -1.7777 -1.7777 nan
37.7200 -1.7818 -1.7818 nan
37.7600 -1.7860 -1.7860 nan
37.8000 -1.7902 -1.7902 nan
37.8400 -1.7944 -1.7944 nan
37.8800 -1.7986 -1.7986 nan
37.9200 -1.8029 -1.8029 nan
37.9600 -1.8073 -1.8073 nan
38.0000 -1.8118 -1.8118 nan
38.0400 -1.8163 -1.8163 nan
38.0800 -1.8210 -1.8210 nan
38.1200 -1.8258 -1.8258 nan
38.1600 -1.8307 -1.8307 nan
38.2000 -1.8358 -1.8358 nan
38.2400 -1.8410 -1.8410 nan
38.2800 -1.8465 -1.8465 nan
38.3200 -1.8521 -1.8521 nan
38.3600 -1.8581 -1.8581 nan
38.4000 -1.8643 -1.8643 nan
38.4400 -1.8708 -1.8708 nan
38.4800 -1.8777 -1.8777 nan
38.5200 -1.8849 -1.8849 nan
38.5600 -1.8926 -1.8926 nan
38.6000 -1.9008 -1.9008 nan
38.6400 -1.9094 -1.9094 nan
38.6800 -1.9187 -1.9187 nan
38.7200 -1.9286 -1.9286 nan
38.7600 -1.9393 -1.9393 nan
38.8000 -1.9507 -1.9507 nan
38.8400 -1.9630 -1.9630 nan
38.8800 -1.9763 -1.9763 nan
38.9200 -1.9906 -1.9906 nan
38.9600 -2.0062 -2.0062 nan
39.0000 -2.0230 -2.0230 nan
39.0400 -2.0413 -2.0413 nan
39.0800 -2.0612 -2.0612 nan
39.1200 -2.0829 -2.0829 nan
39.1600 -2.1065 -2.1065 nan
39.2000 -2.1323 -2.1323 nan
39.2400 -2.1605 -2.1605 nan
39.2800 -2.1913 -2.1913 nan
39.3200 -2.2251 -2.2251 nan
39.3600 -2.2622 -2.2622 nan
39.4000 -2.3028 -2.3028 nan
39.4400 -2.3473 -2.3473 nan
39.4800 -2.3963 -2.3963 nan
39.5200 -2.4501 -2.4501 nan
39.5600 -2.5093 -2.5093 nan
39.6000 -2.5744 -2.5744 nan
39.6400 -2.6460 -2.6460 nan
39.6800 -2.7248 -2.7248 nan
39.7200 -2.8114 -2.8114 nan
39.7600 -2.9068 -2.9068 nan
39.8000 -3.0118 -3.0118 nan
39.8400 -3.1272 -3.1272 nan
39.8800 -3.2540 -3.2540 nan
39.9200 -3.3932 -3.3932 nan
39.9600 -3.5460 -3.5460 nan
40.0000 -3.7134 -3.7134 nan
40.0400 -3.8965 -3.8965 nan
40.0800 -4.0965 -4.0965 nan
40.1200 -4.3145 -4.3145 nan
40.1600 -4.5514 -4.5514 nan
40.1650 -4.5824 -4.5824 nan
40.1660 -4.5887 -4.5887 -4.5887
40.2000 -4.8083 nan -4.8083
40.2400 -5.0858 nan -5.0858
40.2800 -5.3845 nan -5.3845
40.3200 -5.7047 nan -5.7047
40.3600 -6.0463 nan -6.0463
40.4000 -6.4088 nan -6.4088
40.4400 -6.7912 nan -6.7912
40.4800 -7.1922 nan -7.1922
40.5200 -7.6097 nan -7.6097
40.5600 -8.0412 nan -8.0412
40.6000 -8.4836 nan -8.4836
40.6400 -8.9333 nan -8.9333
40.6800 -9.3866 nan -9.3866
40.7200 -9.8392 nan -9.8392
40.7600 -10.2867 nan -10.2867
40.8000 -10.7250 nan -10.7250
40.8400 -11.1500 nan -11.1500
40.8800 -11.5578 nan -11.5578
40.9200 -11.9454 nan -11.9454
40.9600 -12.3100 nan -12.3100
41.0000 -12.6497 nan -12.6497
41.0400 -12.9629 nan -12.9629
41.0800 -13.2492 nan -13.2492
41.1200 -13.5082 nan -13.5082
41.1600 -13.7406 nan -13.7406
41.2000 -13.9472 nan -13.9472
41.2400 -14.1293 nan -14.1293
41.2800 -14.2885 nan -14.2885
41.3200 -14.4264 nan -14.4264
41.3600 -14.5449 nan -14.5449
41.4000 -14.6459 nan -14.6459
41.4400 -14.7311 nan -14.7311
41.4800 -14.8025 nan -14.8025
41.5200 -14.8617 nan -14.8617
41.5600 -14.9102 nan -14.9102
41.6000 -14.9495 nan -14.9495
41.6400 -14.9809 nan -14.9809
41.6800 -15.0057 nan -15.0057
41.7200 -15.0247 nan -15.0247
41.7600 -15.0389 nan -15.0389
41.8000 -15.0492 nan -15.0492
41.8400 -15.0561 nan -15.0561
41.8800 -15.0604 nan -15.0604
41.9200 -15.0624 nan -15.0624
41.9600 -15.0626 nan -15.0626
42.0000 -15.0614 nan -15.0614
42.0400 -15.0590 nan -15.0590
42.0800 -15.0557 nan -15.0557
42.1200 -15.0517 nan -15.0517
42.1600 -15.0470 nan -15.0470
42.2000 -15.0420 nan -15.0420
42.2400 -15.0366 nan -15.0366
42.2800 -15.0309 nan -15.0309
42.3200 -15.0250 nan -15.0250
42.3600 -15.0189 nan -15.0189
42.4000 -15.0127 nan -15.0127
42.4400 -15.0064 nan -15.0064
42.4800 -15.0000 nan -15.0000
42.5200 -14.9935 nan -14.9935
42.5600 -14.9870 nan -14.9870
42.6000 -14.9803 nan -14.9803
42.6400 -14.9737 nan -14.9737
42.6800 -14.9670 nan -14.9670
42.7200 -14.9602 nan -14.9602
42.7600 -14.9533 nan -14.9533
42.8000 -14.9464 nan -14.9464
42.8400 -14.9395 nan -14.9395
42.8800 -14.9325 nan -14.9325
42.9200 -14.9255 nan -14.9255
42.9600 -14.9184 nan -14.9184
43.0000 -14.9113 nan -14.9113
43.0400 -14.9041 nan -14.9041
43.0800 -14.8968 nan -14.8968
43.1200 -14.8896 nan -14.8896
43.1600 -14.8822 nan -14.8822
43.2000 -14.8749 nan -14.8749
43.2400 -14.8675 nan -14.8675
43.2800 -14.8600 nan -14.8600
43.3200 -14.8525 nan -14.8525
43.3600 -14.8450 nan -14.8450
43.4000 -14.8374 nan -14.8374
43.4400 -14.8297 nan -14.8297
43.4800 -14.8221 nan -14.8221
43.5200 -14.8143 nan -14.8143
43.5600 -14.8065 nan -14.8065
43.6000 -14.7987 nan -14.7987
43.6400 -14.7907 nan -14.7907
43.6800 -14.7826 nan -14.7826
43.7200 -14.7744 nan -14.7744
43.7600 -14.7660 nan -14.7660
43.8000 -14.7574 nan -14.7574
43.8400 -14.7484 nan -14.7484
43.8800 -14.7390 nan -14.7390
43.9200 -14.7291 nan -14.7291
43.9600 -14.7184 nan -14.7184
44.0000 -14.7069 nan -14.7069
44.0400 -14.6942 nan -14.6942
44.0800 -14.6802 nan -14.6802
44.1200 -14.6643 nan -14.6643
44.1600 -14.6463 nan -14.6463
44.2000 -14.6256 nan -14.6256
44.2400 -14.6016 nan -14.6016
44.2800 -14.5737 nan -14.5737
44.3200 -14.5411 nan -14.5411
44.3600 -14.5028 nan -14.5028
44.4000 -14.4578 nan -14.4578
44.4400 -14.4050 nan -14.4050
44.4800 -14.3431 nan -14.3431
44.5200 -14.2705 nan -14.2705
44.5600 -14.1858 nan -14.1858
44.6000 -14.0872 nan -14.0872
44.6400 -13.9730 nan -13.9730
44.6800 -13.8414 nan -13.8414
44.7200 -13.6903 nan -13.6903
44.7600 -13.5181 nan -13.5181
44.8000 -13.3230 nan -13.3230
44.8400 -13.1034 nan -13.1034
44.8800 -12.8581 nan -12.8581
44.9200 -12.5862 nan -12.5862
44.9600 -12.2872 nan -12.2872
45.0000 -11.9612 nan -11.9612
45.0400 -11.6090 nan -11.6090
45.0800 -11.2318 nan -11.2318
45.1200 -10.8317 nan -10.8317
45.1600 -10.4113 nan -10.4113
45.2000 -9.9740 nan -9.9740
45.2400 -9.5234 nan -9.5234
45.2510 -9.3977 nan -9.3977
45.2520 -9.3863 -9.3863 -9.3863
45.2800 -9.0636 -9.0636 nan
45.3200 -8.5989 -8.5989 nan
45.3600 -8.1336 -8.1336 nan
45.4000 -7.6717 -7.6717 nan
45.4400 -7.2174 -7.2174 nan
45.4800 -6.7741 -6.7741 nan
45.5200 -6.3448 -6.3448 nan
45.5600 -5.9321 -5.9321 nan
45.6000 -5.5380 -5.5380 nan
45.6400 -5.1640 -5.1640 nan
45.6800 -4.8110 -4.8110 nan
45.7200 -4.4794 -4.4794 nan
45.7600 -4.1694 -4.1694 nan
45.8000 -3.8807 -3.8807 nan
45.8400 -3.6127 -3.6127 nan
45.8800 -3.3647 -3.3647 nan
45.9200 -3.1358 -3.1358 nan
45.9600 -2.9249 -2.9249 nan
46.0000 -2.7310 -2.7310 nan
46.0400 -2.5530 -2.5530 nan
46.0800 -2.3896 -2.3896 nan
46.1200 -2.2399 -2.2399 nan
46.1600 -2.1027 -2.1027 nan
46.2000 -1.9770 -1.9770 nan
46.2400 -1.8619 -1.8619 nan
46.2800 -1.7564 -1.7564 nan
46.3200 -1.6597 -1.6597 nan
46.3600 -1.5710 -1.5710 nan
46.4000 -1.4896 -1.4896 nan
46.4400 -1.4148 -1.4148 nan
46.4800 -1.3461 -1.3461 nan
46.5200 -1.2828 -1.2828 nan
46.5600 -1.2244 -1.2244 nan
46.6000 -1.1705 -1.1705 nan
46.6400 -1.1207 -1.1207 nan
46.6800 -1.0746 -1.0746 nan
46.7200 -1.0319 -1.0319 nan
46.7600 -0.9922 -0.9922 nan
46.8000 -0.9552 -0.9552 nan
46.8400 -0.9208 -0.9208 nan
46.8800 -0.8886 -0.8886 nan
46.9200 -0.8585 -0.8585 nan
46.9600 -0.8303 -0.8303 nan
47.0000 -0.8039 -0.8039 nan
47.0400 -0.7789 -0.7789 nan
47.0800 -0.7554 -0.7554 nan
47.1200 -0.7332 -0.7332 nan
47.1600 -0.7122 -0.7122 nan
47.2000 -0.6923 -0.6923 nan
47.2400 -0.6734 -0.6734 nan
47.2800 -0.6554 -0.6554 nan
47.3200 -0.6382 -0.6382 nan
47.3600 -0.6218 -0.6218 nan
47.4000 -0.6061 -0.6061 nan
47.4400 -0.5910 -0.5910 nan
47.4800 -0.5766 -0.5766 nan
47.5200 -0.5627 -0.5627 nan
47.5600 -0.5493 -0.5493 nan
47.6000 -0.5363 -0.5363 nan
47.6400 -0.5238 -0.5238 nan
47.6800 -0.5118 -0.5118 nan
47.7200 -0.5000 -0.5000 nan
47.7600 -0.4887 -0.4887 nan
47.8000 -0.4777 -0.4777 nan
47.8400 -0.4669 -0.4669 nan
47.8800 -0.4565 -0.4565 nan
47.9200 -0.4463 -0.4463 nan
47.9600 -0.4364 -0.4364 nan
48.0000 -0.4267 -0.4267 nan
48.0400 -0.4172 -0.4172 nan
48.0800 -0.4079 -0.4079 nan
48.1200 -0.3989 -0.3989 nan
48.1600 -0.3900 -0.3900 nan
48.2000 -0.3813 -0.3813 nan
48.2400 -0.3728 -0.3728 nan
48.2800 -0.3644 -0.3644 nan
48.3200 -0.3562 -0.3562 nan
48.3600 -0.3481 -0.3481 nan
48.4000 -0.3402 -0.3402 nan
48.4400 -0.3324 -0.3324 nan
48.4800 -0.3247 -0.3247 nan
48.5200 -0.3172 -0.3172 nan
48.5600 -0.3097 -0.3097 nan
48.6000 -0.3024 -0.3024 nan
48.6400 -0.2952 -0.2952 nan
48.6800 -0.2882 -0.2882 nan
48.7200 -0.2812 -0.2812 nan
48.7600 -0.2743 -0.2743 nan
48.8000 -0.2676 -0.2676 nan
48.8400 -0.2609 -0.2609 nan
48.8800 -0.2543 -0.2543 nan
48.9200 -0.2478 -0.2478 nan
48.9600 -0.2415 -0.2415 nan
49.0000 -0.2352 -0.2352 nan
49.0400 -0.2290 -0.2290 nan
49.0800 -0.2229 -0.2229 nan
49.1200 -0.2169 -0.2169 nan
49.1600 -0.2109 -0.2109 nan
49.2000 -0.2051 -0.2051 nan
49.2400 -0.1993 -0.1993 nan
49.2800 -0.1937 -0.1937 nan
49.3200 -0.1881 -0.1881 nan
49.3600 -0.1826 -0.1826 nan
49.4000 -0.1772 -0.1772 nan
49.4400 -0.1718 -0.1718 nan
49.4800 -0.1666 -0.1666 nan
49.5200 -0.1614 -0.1614 nan
49.5600 -0.1563 -0.1563 nan
49.6000 -0.1513 -0.1513 nan
49.6400 -0.1464 -0.1464 nan
49.6800 -0.1415 -0.1415 nan
49.7200 -0.1368 -0.1368 nan
49.7600 -0.1321 -0.1321 nan
49.8000 -0.1275 -0.1275 nan
49.8400 -0.1230 -0.1230 nan
49.8800 -0.1185 -0.1185 nan
49.9200 -0.1141 -0.1141 nan
49.9600 -0.1099 -0.1099 nan
50.0000 -0.1057 -0.1057 nan
50.0400 -0.1015 -0.1015 nan
50.0800 -0.0975 -0.0975 nan
50.1200 -0.0935 -0.0935 nan
50.1600 -0.0897 -0.0897 nan
50.2000 -0.0859 -0.0859 nan
50.2400 -0.0822 -0.0822 nan
50.2800 -0.0785 -0.0785 nan
50.3200 -0.0750 -0.0750 nan
50.3600 -0.0715 -0.0715 nan
50.4000 -0.0681 -0.0681 nan
50.4400 -0.0648 -0.0648 nan
50.4800 -0.0616 -0.0616 nan
50.5200 -0.0584 -0.0584 nan
50.5600 -0.0553 -0.0553 nan
50.6000 -0.0524 -0.0524 nan
50.6400 -0.0495 -0.0495 nan
50.6800 -0.0466 -0.0466 nan
50.7200 -0.0439 -0.0439 nan
50.7600 -0.0412 -0.0412 nan
50.8000 -0.0387 -0.0387 nan
50.8400 -0.0362 -0.0362 nan
50.8800 -0.0338 -0.0338 nan
50.9200 -0.0314 -0.0314 nan
50.9600 -0.0292 -0.0292 nan
51.0000 -0.0270 -0.0270 nan
51.0400 -0.0250 -0.0250 nan
51.0800 -0.0230 -0.0230 nan
51.1200 -0.0211 -0.0211 nan
51.1600 -0.0192 -0.0192 nan
51.2000 -0.0175 -0.0175 nan
51.2400 -0.0158 -0.0158 nan
51.2800 -0.0143 -0.0143 nan
51.3200 -0.0128 -0.0128 nan
51.3600 -0.0114 -0.0114 nan
51.4000 -0.0100 -0.0100 nan
51.4400 -0.0088 -0.0088 nan
51.4800 -0.0077 -0.0077 nan
51.5200 -0.0066 -0.0066 nan
51.5600 -0.0056 -0.0056 nan
51.6000 -0.0047 -0.0047 nan
51.6400 -0.0039 -0.0039 nan
51.6800 -0.0032 -0.0032 nan
51.7200 -0.0025 -0.0025 nan
51.7600 -0.0019 -0.0019 nan
51.8000 -0.0015 -0.0015 nan
51.8400 -0.0011 -0.0011 nan
51.8800 -0.0008 -0.0008 nan
51.9200 -0.0005 -0.0005 nan
51.9600 -0.0004 -0.0004 nan
52.0000 -0.0003 -0.0003 nan
52.0400 -0.0004 -0.0004 nan
52.0800 -0.0005 -0.0005 nan
52.1200 -0.0007 -0.0007 nan
52.1600 -0.0010 -0.0010 nan
52.2000 -0.0013 -0.0013 nan
52.2400 -0.0018 -0.0018 nan
52.2800 -0.0023 -0.0023 nan
52.3200 -0.0030 -0.0030 nan
52.3600 -0.0037 -0.0037 nan
52.4000 -0.0044 -0.0044 nan
52.4400 -0.0053 -0.0053 nan
52.4800 -0.0063 -0.0063 nan
52.5200 -0.0073 -0.0073 nan
52.5600 -0.0084 -0.0084 nan
52.6000 -0.0097 -0.0097 nan
52.6400 -0.0109 -0.0109 nan
52.6800 -0.0123 -0.0123 nan
52.7200 -0.0138 -0.0138 nan
52.7600 -0.0153 -0.0153 nan
52.8000 -0.0169 -0.0169 nan
52.8400 -0.0186 -0.0186 nan
52.8800 -0.0204 -0.0204 nan
52.9200 -0.0223 -0.0223 nan
52.9600 -0.0243 -0.0243 nan
53.0000 -0.0263 -0.0263 nan
53.0400 -0.0284 -0.0284 nan
53.0800 -0.0306 -0.0306 nan
53.1200 -0.0329 -0.0329 nan
53.1600 -0.0353 -0.0353 nan
53.2000 -0.0377 -0.0377 nan
53.2400 -0.0402 -0.0402 nan
53.2800 -0.0428 -0.0428 nan
53.3200 -0.0455 -0.0455 nan
53.3600 -0.0483 -0.0483 nan
53.4000 -0.0511 -0.0511 nan
53.4400 -0.0541 -0.0541 nan
53.4800 -0.0571 -0.0571 nan
53.5200 -0.0601 -0.0601 nan
53.5600 -0.0633 -0.0633 nan
53.6000 -0.0665 -0.0665 nan
53.6400 -0.0699 -0.0699 nan
53.6800 -0.0732 -0.0732 nan
53.7200 -0.0767 -0.0767 nan
53.7600 -0.0803 -0.0803 nan
53.8000 -0.0839 -0.0839 nan
53.8400 -0.0876 -0.0876 nan
53.8800 -0.0914 -0.0914 nan
53.9200 -0.0952 -0.0952 nan
53.9600 -0.0992 -0.0992 nan
54.0000 -0.1032 -0.1032 nan
54.0400 -0.1072 -0.1072 nan
54.0800 -0.1114 -0.1114 nan
54.1200 -0.1156 -0.1156 nan
54.1600 -0.1199 -0.1199 nan
54.2000 -0.1243 -0.1243 nan
54.2400 -0.1287 -0.1287 nan
54.2800 -0.1333 -0.1333 nan
54.3200 -0.1378 -0.1378 nan
54.3600 -0.1425 -0.1425 nan
54.4000 -0.1472 -0.1472 nan
54.4400 -0.1520 -0.1520 nan
54.4800 -0.1569 -0.1569 nan
54.5200 -0.1618 -0.1618 nan
54.5600 -0.1669 -0.1669 nan
54.6000 -0.1719 -0.1719 nan
54.6400 -0.1771 -0.1771 nan
54.6800 -0.1823 -0.1823 nan
54.7200 -0.1876 -0.1876 nan
54.7600 -0.1929 -0.1929 nan
54.8000 -0.1983 -0.1983 nan
54.8400 -0.2038 -0.2038 nan
54.8800 -0.2094 -0.2094 nan
54.9200 -0.2150 -0.2150 nan
54.9600 -0.2206 -0.2206 nan
55.0000 -0.2264 -0.2264 nan
55.0400 -0.2322 -0.2322 nan
55.0800 -0.2380 -0.2380 nan
55.1200 -0.2440 -0.2440 nan
55.1600 -0.2499 -0.2499 nan
55.2000 -0.2560 -0.2560 nan
55.2400 -0.2621 -0.2621 nan
55.2800 -0.2683 -0.2683 nan
55.3200 -0.2745 -0.2745 nan
55.3600 -0.2808 -0.2808 nan
55.4000 -0.2871 -0.2871 nan
55.4400 -0.2935 -0.2935 nan
55.4800 -0.3000 -0.3000 nan
55.5200 -0.3065 -0.3065 nan
55.5600 -0.3130 -0.3130 nan
55.6000 -0.3197 -0.3197 nan
55.6400 -0.3263 -0.3263 nan
55.6800 -0.3331 -0.3331 nan
55.7200 -0.3399 -0.3399 nan
55.7600 -0.3467 -0.3467 nan
55.8000 -0.3536 -0.3536 nan
55.8400 -0.3605 -0.3605 nan
55.8800 -0.3675 -0.3675 nan
55.9200 -0.3745 -0.3745 nan
55.9600 -0.3816 -0.3816 nan
56.0000 -0.3888 -0.3888 nan
56.0400 -0.3959 -0.3959 nan
56.0800 -0.4032 -0.4032 nan
56.1200 -0.4105 -0.4105 nan
56.1600 -0.4178 -0.4178 nan
56.2000 -0.4251 -0.4251 nan
56.2400 -0.4326 -0.4326 nan
56.2800 -0.4400 -0.4400 nan
56.3200 -0.4475 -0.4475 nan
56.3600 -0.4551 -0.4551 nan
56.4000 -0.4626 -0.4626 nan
56.4400 -0.4703 -0.4703 nan
56.4800 -0.4779 -0.4779 nan
56.5200 -0.4856 -0.4856 nan
56.5600 -0.4934 -0.4934 nan
56.6000 -0.5011 -0.5011 nan
56.6400 -0.5090 -0.5090 nan
56.6800 -0.5168 -0.5168 nan
56.7200 -0.5247 -0.5247 nan
56.7600 -0.5326 -0.5326 nan
56.8000 -0.5406 -0.5406 nan
56.8400 -0.5486 -0.5486 nan
56.8800 -0.5566 -0.5566 nan
56.9200 -0.5647 -0.5647 nan
56.9600 -0.5728 -0.5728 nan
57.0000 -0.5809 -0.5809 nan
57.0400 -0.5890 -0.5890 nan
57.0800 -0.5972 -0.5972 nan
57.1200 -0.6054 -0.6054 nan
57.1600 -0.6136 -0.6136 nan
57.2000 -0.6219 -0.6219 nan
57.2400 -0.6302 -0.6302 nan
57.2800 -0.6385 -0.6385 nan
57.3200 -0.6468 -0.6468 nan
57.3600 -0.6552 -0.6552 nan
57.4000 -0.6636 -0.6636 nan
57.4400 -0.6720 -0.6720 nan
57.4800 -0.6804 -0.6804 nan
57.5200 -0.6889 -0.6889 nan
57.5600 -0.6973 -0.6973 nan
57.6000 -0.7058 -0.7058 nan
57.6400 -0.7143 -0.7143 nan
57.6800 -0.7228 -0.7228 nan
57.7200 -0.7314 -0.7314 nan
57.7600 -0.7399 -0.7399 nan
57.8000 -0.7485 -0.7485 nan
57.8400 -0.7571 -0.7571 nan
57.8800 -0.7657 -0.7657 nan
57.9200 -0.7743 -0.7743 nan
57.9600 -0.7829 -0.7829 nan
58.0000 -0.7915 -0.7915 nan
58.0400 -0.8002 -0.8002 nan
58.0800 -0.8088 -0.8088 nan
58.1200 -0.8175 -0.8175 nan
58.1600 -0.8262 -0.8262 nan
58.2000 -0.8348 -0.8348 nan
58.2400 -0.8435 -0.8435 nan
58.2800 -0.8522 -0.8522 nan
58.3200 -0.8609 -0.8609 nan
58.3600 -0.8696 -0.8696 nan
58.4000 -0.8783 -0.8783 nan
58.4400 -0.8870 -0.8870 nan
58.4800 -0.8957 -0.8957 nan
58.5200 -0.9044 -0.9044 nan
58.5600 -0.9131 -0.9131 nan
58.6000 -0.9218 -0.9218 nan
58.6400 -0.9305 -0.9305 nan
58.6800 -0.9392 -0.9392 nan
58.7200 -0.9478 -0.9478 nan
58.7600 -0.9565 -0.9565 nan
58.8000 -0.9652 -0.9652 nan
58.8400 -0.9739 -0.9739 nan
58.8800 -0.9826 -0.9826 nan
58.9200 -0.9912 -0.9912 nan
58.9600 -0.9999 -0.9999 nan
59.0000 -1.0085 -1.0085 nan
59.0400 -1.0171 -1.0171 nan
59.0800 -1.0258 -1.0258 nan
59.1200 -1.0344 -1.0344 nan
59.1600 -1.0430 -1.0430 nan
59.2000 -1.0516 -1.0516 nan
59.2400 -1.0601 -1.0601 nan
59.2800 -1.0687 -1.0687 nan
59.3200 -1.0772 -1.0772 nan
59.3600 -1.0857 -1.0857 nan
59.4000 -1.0942 -1.0942 nan
59.4400 -1.1027 -1.1027 nan
59.4800 -1.1112 -1.1112 nan
59.5200 -1.1196 -1.1196 nan
59.5600 -1.1281 -1.1281 nan
59.6000 -1.1365 -1.1365 nan
59.6400 -1.1449 -1.1449 nan
59.6800 -1.1532 -1.1532 nan
59.7200 -1.1616 -1.1616 nan
59.7600 -1.1699 -1.1699 nan
59.8000 -1.1782 -1.1782 nan
59.8400 -1.1864 -1.1864 nan
59.8800 -1.1947 -1.1947 nan
59.9200 -1.2029 -1.2029 nan
59.9600 -1.2111 -1.2111 nan
60.0000 -1.2192 -1.2192 nan
60.0400 -1.2273 -1.2273 nan
60.0800 -1.2354 -1.2354 nan
60.1200 -1.2435 -1.2435 nan
60.1600 -1.2515 -1.2515 nan
60.2000 -1.2595 -1.2595 nan
60.2400 -1.2675 -1.2675 nan
60.2800 -1.2754 -1.2754 nan
60.3200 -1.2833 -1.2833 nan
60.3600 -1.2911 -1.2911 nan
60.4000 -1.2990 -1.2990 nan
60.4400 -1.3067 -1.3067 nan
60.4800 -1.3145 -1.3145 nan
60.5200 -1.3222 -1.3222 nan
60.5600 -1.3299 -1.3299 nan
60.6000 -1.3375 -1.3375 nan
60.6400 -1.3451 -1.3451 nan
60.6800 -1.3526 -1.3526 nan
60.7200 -1.3601 -1.3601 nan
60.7600 -1.3676 -1.3676 nan
60.8000 -1.3750 -1.3750 nan
60.8400 -1.3824 -1.3824 nan
60.8800 -1.3897 -1.3897 nan
60.9200 -1.3970 -1.3970 nan
60.9600 -1.4042 -1.4042 nan
61.0000 -1.4114 -1.4114 nan
61.0400 -1.4185 -1.4185 nan
61.0800 -1.4256 -1.4256 nan
61.1200 -1.4327 -1.4327 nan
61.1600 -1.4397 -1.4397 nan
61.2000 -1.4466 -1.4466 nan
61.2400 -1.4535 -1.4535 nan
61.2800 -1.4604 -1.4604 nan
61.3200 -1.4672 -1.4672 nan
61.3600 -1.4739 -1.4739 nan
61.4000 -1.4806 -1.4806 nan
61.4400 -1.4872 -1.4872 nan
61.4800 -1.4938 -1.4938 nan
61.5200 -1.5003 -1.5003 nan
61.5600 -1.5068 -1.5068 nan
61.6000 -1.5132 -1.5132 nan
61.6400 -1.5195 -1.5195 nan
61.6800 -1.5258 -1.5258 nan
61.7200 -1.5321 -1.5321 nan
61.7600 -1.5383 -1.5383 nan
61.8000 -1.5444 -1.5444 nan
61.8400 -1.5504 -1.5504 nan
61.8800 -1.5564 -1.5564 nan
61.9200 -1.5624 -1.5624 nan
61.9600 -1.5683 -1.5683 nan
62.0000 -1.5741 -1.5741 nan
62.0400 -1.5798 -1.5798 nan
62.0800 -1.5855 -1.5855 nan
62.1200 -1.5912 -1.5912 nan
62.1600 -1.5967 -1.5967 nan
62.2000 -1.6022 -1.6022 nan
62.2400 -1.6077 -1.6077 nan
62.2800 -1.6131 -1.6131 nan
62.3200 -1.6184 -1.6184 nan
62.3600 -1.6236 -1.6236 nan
62.4000 -1.6288 -1.6288 nan
62.4400 -1.6339 -1.6339 nan
62.4800 -1.6390 -1.6390 nan
62.5200 -1.6439 -1.6439 nan
62.5600 -1.6488 -1.6488 nan
62.6000 -1.6537 -1.6537 nan
62.6400 -1.6585 -1.6585 nan
62.6800 -1.6632 -1.6632 nan
62.7200 -1.6678 -1.6678 nan
62.7600 -1.6724 -1.6724 nan
62.8000 -1.6769 -1.6769 nan
62.8400 -1.6813 -1.6813 nan
62.8800 -1.6857 -1.6857 nan
62.9200 -1.6900 -1.6900 nan
62.9600 -1.6942 -1.6942 nan
63.0000 -1.6984 -1.6984 nan
63.0400 -1.7024 -1.7024 nan
63.0800 -1.7065 -1.7065 nan
63.1200 -1.7104 -1.7104 nan
63.1600 -1.7143 -1.7143 nan
63.2000 -1.7181 -1.7181 nan
63.2400 -1.7218 -1.7218 nan
63.2800 -1.7255 -1.7255 nan
63.3200 -1.7291 -1.7291 nan
63.3600 -1.7326 -1.7326 nan
63.4000 -1.7361 -1.7361 nan
63.4400 -1.7395 -1.7395 nan
63.4800 -1.7428 -1.7428 nan
63.5200 -1.7460 -1.7460 nan
63.5600 -1.7492 -1.7492 nan
63.6000 -1.7523 -1.7523 nan
63.6400 -1.7554 -1.7554 nan
63.6800 -1.7584 -1.7584 nan
63.7200 -1.7613 -1.7613 nan
63.7600 -1.7642 -1.7642 nan
63.8000 -1.7670 -1.7670 nan
63.8400 -1.7697 -1.7697 nan
63.8800 -1.7724 -1.7724 nan
63.9200 -1.7750 -1.7750 nan
63.9600 -1.7776 -1.7776 nan
64.0000 -1.7801 -1.7801 nan
64.0400 -1.7825 -1.7825 nan
64.0800 -1.7849 -1.7849 nan
64.1200 -1.7873 -1.7873 nan
64.1600 -1.7896 -1.7896 nan
64.2000 -1.7919 -1.7919 nan
64.2400 -1.7941 -1.7941 nan
64.2800 -1.7963 -1.7963 nan
64.3200 -1.7984 -1.7984 nan
64.3600 -1.8006 -1.8006 nan
64.4000 -1.8027 -1.8027 nan
64.4400 -1.8048 -1.8048 nan
64.4800 -1.8068 -1.8068 nan
64.5200 -1.8089 -1.8089 nan
64.5600 -1.8110 -1.8110 nan
64.6000 -1.8131 -1.8131 nan
64.6400 -1.8152 -1.8152 nan
64.6800 -1.8173 -1.8173 nan
64.7200 -1.8195 -1.8195 nan
64.7600 -1.8217 -1.8217 nan
64.8000 -1.8240 -1.8240 nan
64.8400 -1.8264 -1.8264 nan
64.8800 -1.8288 -1.8288 nan
64.9200 -1.8314 -1.8314 nan
64.9600 -1.8341 -1.8341 nan
65.0000 -1.8370 -1.8370 nan
65.0400 -1.8400 -1.8400 nan
65.0800 -1.8433 -1.8433 nan
65.1200 -1.8467 -1.8467 nan
65.1600 -1.8505 -1.8505 nan
65.2000 -1.8546 -1.8546 nan
65.2400 -1.8590 -1.8590 nan
65.2800 -1.8638 -1.8638 nan
65.3200 -1.8691 -1.8691 nan
65.3600 -1.8749 -1.8749 nan
65.4000 -1.8812 -1.8812 nan
65.4400 -1.8883 -1.8883 nan
65.4800 -1.8960 -1.8960 nan
65.5200 -1.9046 -1.9046 nan
65.5600 -1.9142 -1.9142 nan
65.6000 -1.9248 -1.9248 nan
65.6400 -1.9366 -1.9366 nan
65.6800 -1.9498 -1.9498 nan
65.7200 -1.9645 -1.9645 nan
65.7600 -1.9810 -1.9810 nan
65.8000 -1.9994 -1.9994 nan
65.8400 -2.0200 -2.0200 nan
65.8800 -2.0431 -2.0431 nan
65.9200 -2.0689 -2.0689 nan
65.9600 -2.0980 -2.0980 nan
66.0000 -2.1306 -2.1306 nan
66.0400 -2.1672 -2.1672 nan
66.0800 -2.2084 -2.2084 nan
66.1200 -2.2547 -2.2547 nan
66.1600 -2.3068 -2.3068 nan
66.2000 -2.3653 -2.3653 nan
66.2400 -2.4311 -2.4311 nan
66.2800 -2.5051 -2.5051 nan
66.3200 -2.5883 -2.5883 nan
66.3600 -2.6816 -2.6816 nan
66.4000 -2.7864 -2.7864 nan
66.4400 -2.9038 -2.9038 nan
66.4800 -3.0351 -3.0351 nan
66.5200 -3.1816 -3.1816 nan
66.5600 -3.3449 -3.3449 nan
66.6000 -3.5261 -3.5261 nan
66.6400 -3.7265 -3.7265 nan
66.6800 -3.9473 -3.9473 nan
66.7200 -4.1892 -4.1892 nan
66.7600 -4.4529 -4.4529 nan
66.8000 -4.7382 -4.7382 nan
66.8400 -5.0447 -5.0447 nan
66.8800 -5.3712 -5.3712 nan
66.8830 -5.3965 -5.3965 nan
66.8840 -5.4049 -5.4049 -5.4049
66.9200 -5.7157 nan -5.7157
66.9600 -6.0755 nan -6.0755
67.0000 -6.4469 nan -6.4469
67.0400 -6.8258 nan -6.8258
67.0800 -7.2075 nan -7.2075
67.1200 -7.5866 nan -7.5866
67.1600 -7.9582 nan -7.9582
67.2000 -8.3170 nan -8.3170
67.2400 -8.6585 nan -8.6585
67.2800 -8.9789 nan -8.9789
67.3200 -9.2752 nan -9.2752
67.3600 -9.5452 nan -9.5452
67.4000 -9.7880 nan -9.7880
67.4400 -10.0033 nan -10.0033
67.4800 -10.1917 nan -10.1917
67.5200 -10.3544 nan -10.3544
67.5600 -10.4933 nan -10.4933
67.6000 -10.6103 nan -10.6103
67.6400 -10.7076 nan -10.7076
67.6800 -10.7876 nan -10.7876
67.7200 -10.8524 nan -10.8524
67.7600 -10.9041 nan -10.9041
67.8000 -10.9448 nan -10.9448
67.8400 -10.9761 nan -10.9761
67.8800 -10.9997 nan -10.9997
67.9200 -11.0169 nan -11.0169
67.9600 -11.0289 nan -11.0289
68.0000 -11.0367 nan -11.0367
68.0400 -11.0412 nan -11.0412
68.0800 -11.0430 nan -11.0430
68.1200 -11.0427 nan -11.0427
68.1600 -11.0409 nan -11.0409
68.2000 -11.0378 nan -11.0378
68.2400 -11.0338 nan -11.0338
68.2800 -11.0291 nan -11.0291
68.3200 -11.0238 nan -11.0238
68.3600 -11.0182 nan -11.0182
68.4000 -11.0123 nan -11.0123
68.4400 -11.0062 nan -11.0062
68.4800 -10.9999 nan -10.9999
68.5200 -10.9934 nan -10.9934
68.5600 -10.9869 nan -10.9869
68.6000 -10.9803 nan -10.9803
68.6400 -10.9737 nan -10.9737
68.6800 -10.9669 nan -10.9669
68.7200 -10.9602 nan -10.9602
68.7600 -10.9533 nan -10.9533
68.8000 -10.9464 nan -10.9464
68.8400 -10.9395 nan -10.9395
68.8800 -10.9325 nan -10.9325
68.9200 -10.9255 nan -10.9255
68.9600 -10.9184 nan -10.9184
69.0000 -10.9113 nan -10.9113
69.0400 -10.9041 nan -10.9041
69.0800 -10.8968 nan -10.8968
69.1200 -10.8896 nan -10.8896
69.1600 -10.8822 nan -10.8822
69.2000 -10.8749 nan -10.8749
69.2400 -10.8675 nan -10.8675
69.2800 -10.8600 nan -10.8600
69.3200 -10.8525 nan -10.8525
69.3600 -10.8450 nan -10.8450
69.4000 -10.8374 nan -10.8374
69.4400 -10.8297 nan -10.8297
69.4800 -10.8220 nan -10.8220
69.5200 -10.8142 nan -10.8142
69.5600 -10.8063 nan -10.8063
69.6000 -10.7982 nan -10.7982
69.6400 -10.7900 nan -10.7900
69.6800 -10.7815 nan -10.7815
69.7200 -10.7726 nan -10.7726
69.7600 -10.7633 nan -10.7633
69.8000 -10.7532 nan -10.7532
69.8400 -10.7422 nan -10.7422
69.8800 -10.7301 nan -10.7301
69.9200 -10.7163 nan -10.7163
69.9600 -10.7006 nan -10.7006
70.0000 -10.6822 nan -10.6822
70.0400 -10.6605 nan -10.6605
70.0800 -10.6346 nan -10.6346
70.1200 -10.6036 nan -10.6036
70.1600 -10.5663 nan -10.5663
70.2000 -10.5212 nan -10.5212
70.2400 -10.4668 nan -10.4668
70.2800 -10.4014 nan -10.4014
70.3200 -10.3230 nan -10.3230
70.3600 -10.2295 nan -10.2295
70.4000 -10.1186 nan -10.1186
70.4400 -9.9882 nan -9.9882
70.4800 -9.8358 nan -9.8358
70.5200 -9.6597 nan -9.6597
70.5600 -9.4579 nan -9.4579
70.6000 -9.2294 nan -9.2294
70.6400 -8.9734 nan -8.9734
70.6800 -8.6901 nan -8.6901
70.7200 -8.3807 nan -8.3807
70.7600 -8.0473 nan -8.0473
70.8000 -7.6927 nan -7.6927
70.8400 -7.3209 nan -7.3209
70.8800 -6.9365 nan -6.9365
70.8920 -6.8195 nan -6.8195
70.8930 -6.8097 -6.8097 -6.8097
70.9200 -6.5445 -6.5445 nan
70.9600 -6.1501 -6.1501 nan
71.0000 -5.7585 -5.7585 nan
71.0400 -5.3744 -5.3744 nan
71.0800 -5.0021 -5.0021 nan
71.1200 -4.6450 -4.6450 nan
71.1600 -4.3061 -4.3061 nan
71.2000 -3.9872 -3.9872 nan
71.2400 -3.6896 -3.6896 nan
71.2800 -3.4137 -3.4137 nan
71.3200 -3.1596 -3.1596 nan
71.3600 -2.9267 -2.9267 nan
71.4000 -2.7143 -2.7143 nan
71.4400 -2.5211 -2.5211 nan
71.4800 -2.3460 -2.3460 nan
71.5200 -2.1877 -2.1877 nan
71.5600 -2.0447 -2.0447 nan
71.6000 -1.9157 -1.9157 nan
71.6400 -1.7994 -1.7994 nan
71.6800 -1.6945 -1.6945 nan
71.7200 -1.6000 -1.6000 nan
71.7600 -1.5147 -1.5147 nan
71.8000 -1.4377 -1.4377 nan
71.8400 -1.3680 -1.3680 nan
71.8800 -1.3049 -1.3049 nan
71.9200 -1.2477 -1.2477 nan
71.9600 -1.1957 -1.1957 nan
72.0000 -1.1483 -1.1483 nan
72.0400 -1.1050 -1.1050 nan
72.0800 -1.0654 -1.0654 nan
72.1200 -1.0290 -1.0290 nan
72.1600 -0.9955 -0.9955 nan
72.2000 -0.9646 -0.9646 nan
72.2400 -0.9360 -0.9360 nan
72.2800 -0.9095 -0.9095 nan
72.3200 -0.8848 -0.8848 nan
72.3600 -0.8617 -0.8617 nan
72.4000 -0.8401 -0.8401 nan
72.4400 -0.8197 -0.8197 nan
72.4800 -0.8006 -0.8006 nan
72.5200 -0.7825 -0.7825 nan
72.5600 -0.7653 -0.7653 nan
72.6000 -0.7490 -0.7490 nan
72.6400 -0.7334 -0.7334 nan
72.6800 -0.7186 -0.7186 nan
72.7200 -0.7043 -0.7043 nan
72.7600 -0.6907 -0.6907 nan
72.8000 -0.6775 -0.6775 nan
72.8400 -0.6648 -0.6648 nan
72.8800 -0.6525 -0.6525 nan
72.9200 -0.6406 -0.6406 nan
72.9600 -0.6291 -0.6291 nan
73.0000 -0.6178 -0.6178 nan
73.0400 -0.6069 -0.6069 nan
73.0800 -0.5962 -0.5962 nan
73.1200 -0.5858 -0.5858 nan
73.1600 -0.5756 -0.5756 nan
73.2000 -0.5656 -0.5656 nan
73.2400 -0.5558 -0.5558 nan
73.2800 -0.5462 -0.5462 nan
73.3200 -0.5368 -0.5368 nan
73.3600 -0.5275 -0.5275 nan
73.4000 -0.5184 -0.5184 nan
73.4400 -0.5094 -0.5094 nan
73.4800 -0.5006 -0.5006 nan
73.5200 -0.4918 -0.4918 nan
73.5600 -0.4832 -0.4832 nan
73.6000 -0.4747 -0.4747 nan
73.6400 -0.4663 -0.4663 nan
73.6800 -0.4580 -0.4580 nan
73.7200 -0.4499 -0.4499 nan
73.7600 -0.4418 -0.4418 nan
73.8000 -0.4337 -0.4337 nan
73.8400 -0.4258 -0.4258 nan
73.8800 -0.4180 -0.4180 nan
73.9200 -0.4102 -0.4102 nan
73.9600 -0.4026 -0.4026 nan
74.0000 -0.3950 -0.3950 nan
74.0400 -0.3874 -0.3874 nan
74.0800 -0.3800 -0.3800 nan
74.1200 -0.3726 -0.3726 nan
74.1600 -0.3653 -0.3653 nan
74.2000 -0.3581 -0.3581 nan
74.2400 -0.3509 -0.3509 nan
74.2800 -0.3439 -0.3439 nan
74.3200 -0.3368 -0.3368 nan
74.3600 -0.3299 -0.3299 nan
74.4000 -0.3230 -0.3230 nan
74.4400 -0.3162 -0.3162 nan
74.4800 -0.3094 -0.3094 nan
74.5200 -0.3028 -0.3028 nan
74.5600 -0.2961 -0.2961 nan
74.6000 -0.2896 -0.2896 nan
74.6400 -0.2831 -0.2831 nan
74.6800 -0.2767 -0.2767 nan
74.7200 -0.2704 -0.2704 nan
74.7600 -0.2641 -0.2641 nan
74.8000 -0.2579 -0.2579 nan
74.8400 -0.2517 -0.2517 nan
74.8800 -0.2456 -0.2456 nan
74.9200 -0.2396 -0.2396 nan
74.9600 -0.2337 -0.2337 nan
75.0000 -0.2278 -0.2278 nan
75.0400 -0.2220 -0.2220 nan
75.0800 -0.2162 -0.2162 nan
75.1200 -0.2106 -0.2106 nan
75.1600 -0.2049 -0.2049 nan
75.2000 -0.1994 -0.1994 nan
75.2400 -0.1939 -0.1939 nan
75.2800 -0.1885 -0.1885 nan
75.3200 -0.1832 -0.1832 nan
75.3600 -0.1779 -0.1779 nan
75.4000 -0.1727 -0.1727 nan
75.4400 -0.1676 -0.1676 nan
75.4800 -0.1626 -0.1626 nan
75.5200 -0.1576 -0.1576 nan
75.5600 -0.1527 -0.1527 nan
75.6000 -0.1479 -0.1479 nan
75.6400 -0.1431 -0.1431 nan
75.6800 -0.1384 -0.1384 nan
75.7200 -0.1338 -0.1338 nan
75.7600 -0.1292 -0.1292 nan
75.8000 -0.1248 -0.1248 nan
75.8400 -0.1204 -0.1204 nan
75.8800 -0.1160 -0.1160 nan
75.9200 -0.1118 -0.1118 nan
75.9600 -0.1076 -0.1076 nan
76.0000 -0.1035 -0.1035 nan
76.0400 -0.0995 -0.0995 nan
76.0800 -0.0955 -0.0955 nan
76.1200 -0.0917 -0.0917 nan
76.1600 -0.0879 -0.0879 nan
76.2000 -0.0841 -0.0841 nan
76.2400 -0.0805 -0.0805 nan
76.2800 -0.0769 -0.0769 nan
76.3200 -0.0735 -0.0735 nan
76.3600 -0.0700 -0.0700 nan
76.4000 -0.0667 -0.0667 nan
76.4400 -0.0635 -0.0635 nan
76.4800 -0.0603 -0.0603 nan
76.5200 -0.0572 -0.0572 nan
76.5600 -0.0542 -0.0542 nan
76.6000 -0.0512 -0.0512 nan
76.6400 -0.0484 -0.0484 nan
76.6800 -0.0456 -0.0456 nan
76.7200 -0.0429 -0.0429 nan
76.7600 -0.0403 -0.0403 nan
76.8000 -0.0378 -0.0378 nan
76.8400 -0.0353 -0.0353 nan
76.8800 -0.0329 -0.0329 nan
76.9200 -0.0306 -0.0306 nan
76.9600 -0.0284 -0.0284 nan
77.0000 -0.0263 -0.0263 nan
77.0400 -0.0243 -0.0243 nan
77.0800 -0.0223 -0.0223 nan
77.1200 -0.0204 -0.0204 nan
77.1600 -0.0186 -0.0186 nan
77.2000 -0.0169 -0.0169 nan
77.2400 -0.0153 -0.0153 nan
77.2800 -0.0137 -0.0137 nan
77.3200 -0.0122 -0.0122 nan
77.3600 -0.0108 -0.0108 nan
77.4000 -0.0095 -0.0095 nan
77.4400 -0.0083 -0.0083 nan
77.4800 -0.0072 -0.0072 nan
77.5200 -0.0061 -0.0061 nan
77.5600 -0.0052 -0.0052 nan
77.6000 -0.0043 -0.0043 nan
77.6400 -0.0035 -0.0035 nan
77.6800 -0.0028 -0.0028 nan
77.7200 -0.0021 -0.0021 nan
77.7600 -0.0016 -0.0016 nan
77.8000 -0.0011 -0.0011 nan
77.8400 -0.0007 -0.0007 nan
77.8800 -0.0004 -0.0004 nan
77.9200 -0.0002 -0.0002 nan
77.9600 -0.0001 -0.0001 nan
78.0000 -0.0001 -0.0001 nan
78.0400 -0.0001 -0.0001 nan
78.0800 -0.0002 -0.0002 nan
78.1200 -0.0004 -0.0004 nan
78.1600 -0.0007 -0.0007 nan
78.2000 -0.0011 -0.0011 nan
78.2400 -0.0016 -0.0016 nan
78.2800 -0.0021 -0.0021 nan
78.3200 -0.0027 -0.0027 nan
78.3600 -0.0034 -0.0034 nan
78.4000 -0.0042 -0.0042 nan
78.4400 -0.0051 -0.0051 nan
78.4800 -0.0061 -0.0061 nan
78.5200 -0.0071 -0.0071 nan
78.5600 -0.0083 -0.0083 nan
78.6000 -0.0095 -0.0095 nan
78.6400 -0.0108 -0.0108 nan
78.6800 -0.0122 -0.0122 nan
78.7200 -0.0136 -0.0136 nan
78.7600 -0.0152 -0.0152 nan
78.8000 -0.0168 -0.0168 nan
78.8400 -0.0185 -0.0185 nan
78.8800 -0.0203 -0.0203 nan
78.9200 -0.0222 -0.0222 nan
78.9600 -0.0241 -0.0241 nan
79.0000 -0.0262 -0.0262 nan
79.0400 -0.0283 -0.0283 nan
79.0800 -0.0305 -0.0305 nan
79.1200 -0.0328 -0.0328 nan
79.1600 -0.0352 -0.0352 nan
79.2000 -0.0376 -0.0376 nan
79.2400 -0.0401 -0.0401 nan
79.2800 -0.0427 -0.0427 nan
79.3200 -0.0454 -0.0454 nan
79.3600 -0.0482 -0.0482 nan
79.4000 -0.0510 -0.0510 nan
79.4400 -0.0540 -0.0540 nan
79.4800 -0.0570 -0.0570 nan
79.5200 -0.0601 -0.0601 nan
79.5600 -0.0632 -0.0632 nan
79.6000 -0.0665 -0.0665 nan
79.6400 -0.0698 -0.0698 nan
79.6800 -0.0732 -0.0732 nan
79.7200 -0.0766 -0.0766 nan
79.7600 -0.0802 -0.0802 nan
79.8000 -0.0838 -0.0838 nan
79.8400 -0.0875 -0.0875 nan
79.8800 -0.0913 -0.0913 nan
79.9200 -0.0952 -0.0952 nan
79.9600 -0.0991 -0.0991 nan
80.0000 -0.1031 -0.1031 nan
80.0400 -0.1072 -0.1072 nan
80.0800 -0.1113 -0.1113 nan
80.1200 -0.1156 -0.1156 nan
80.1600 -0.1199 -0.1199 nan
80.2000 -0.1242 -0.1242 nan
80.2400 -0.1287 -0.1287 nan
80.2800 -0.1332 -0.1332 nan
80.3200 -0.1378 -0.1378 nan
80.3600 -0.1425 -0.1425 nan
80.4000 -0.1472 -0.1472 nan
80.4400 -0.1520 -0.1520 nan
80.4800 -0.1569 -0.1569 nan
80.5200 -0.1618 -0.1618 nan
80.5600 -0.1668 -0.1668 nan
80.6000 -0.1719 -0.1719 nan
80.6400 -0.1770 -0.1770 nan
80.6800 -0.1823 -0.1823 nan
80.7200 -0.1875 -0.1875 nan
80.7600 -0.1929 -0.1929 nan
80.8000 -0.1983 -0.1983 nan
80.8400 -0.2038 -0.2038 nan
80.8800 -0.2093 -0.2093 nan
80.9200 -0.2149 -0.2149 nan
80.9600 -0.2206 -0.2206 nan
81.0000 -0.2263 -0.2263 nan
81.0400 -0.2321 -0.2321 nan
81.0800 -0.2380 -0.2380 nan
81.1200 -0.2439 -0.2439 nan
81.1600 -0.2499 -0.2499 nan
81.2000 -0.2560 -0.2560 nan
81.2400 -0.2621 -0.2621 nan
81.2800 -0.2682 -0.2682 nan
81.3200 -0.2745 -0.2745 nan
81.3600 -0.2807 -0.2807 nan
81.4000 -0.2871 -0.2871 nan
81.4400 -0.2935 -0.2935 nan
81.4800 -0.2999 -0.2999 nan
81.5200 -0.3065 -0.3065 nan
81.5600 -0.3130 -0.3130 nan
81.6000 -0.3196 -0.3196 nan
81.6400 -0.3263 -0.3263 nan
81.6800 -0.3331 -0.3331 nan
81.7200 -0.3398 -0.3398 nan
81.7600 -0.3467 -0.3467 nan
81.8000 -0.3536 -0.3536 nan
81.8400 -0.3605 -0.3605 nan
81.8800 -0.3675 -0.3675 nan
81.9200 -0.3745 -0.3745 nan
81.9600 -0.3816 -0.3816 nan
82.0000 -0.3887 -0.3887 nan
82.0400 -0.3959 -0.3959 nan
82.0800 -0.4032 -0.4032 nan
82.1200 -0.4104 -0.4104 nan
82.1600 -0.4178 -0.4178 nan
82.2000 -0.4251 -0.4251 nan
82.2400 -0.4325 -0.4325 nan
82.2800 -0.4400 -0.4400 nan
82.3200 -0.4475 -0.4475 nan
82.3600 -0.4550 -0.4550 nan
82.4000 -0.4626 -0.4626 nan
82.4400 -0.4702 -0.4702 nan
82.4800 -0.4779 -0.4779 nan
82.5200 -0.4856 -0.4856 nan
82.5600 -0.4933 -0.4933 nan
82.6000 -0.5011 -0.5011 nan
82.6400 -0.5089 -0.5089 nan
82.6800 -0.5168 -0.5168 nan
82.7200 -0.5247 -0.5247 nan
82.7600 -0.5326 -0.5326 nan
82.8000 -0.5406 -0.5406 nan
82.8400 -0.5486 -0.5486 nan
82.8800 -0.5566 -0.5566 nan
82.9200 -0.5646 -0.5646 nan
82.9600 -0.5727 -0.5727 nan
83.0000 -0.5809 -0.5809 nan
83.0400 -0.5890 -0.5890 nan
83.0800 -0.5972 -0.5972 nan
83.1200 -0.6054 -0.6054 nan
83.1600 -0.6136 -0.6136 nan
83.2000 -0.6219 -0.6219 nan
83.2400 -0.6302 -0.6302 nan
83.2800 -0.6385 -0.6385 nan
83.3200 -0.6468 -0.6468 nan
83.3600 -0.6552 -0.6552 nan
83.4000 -0.6636 -0.6636 nan
83.4400 -0.6720 -0.6720 nan
83.4800 -0.6804 -0.6804 nan
83.5200 -0.6888 -0.6888 nan
83.5600 -0.6973 -0.6973 nan
83.6000 -0.7058 -0.7058 nan
83.6400 -0.7143 -0.7143 nan
83.6800 -0.7228 -0.7228 nan
83.7200 -0.7314 -0.7314 nan
83.7600 -0.7399 -0.7399 nan
83.8000 -0.7485 -0.7485 nan
83.8400 -0.7571 -0.7571 nan
83.8800 -0.7657 -0.7657 nan
83.9200 -0.7743 -0.7743 nan
83.9600 -0.7829 -0.7829 nan
84.0000 -0.7915 -0.7915 nan
84.0400 -0.8002 -0.8002 nan
84.0800 -0.8088 -0.8088 nan
84.1200 -0.8175 -0.8175 nan
84.1600 -0.8261 -0.8261 nan
84.2000 -0.8348 -0.8348 nan
84.2400 -0.8435 -0.8435 nan
84.2800 -0.8522 -0.8522 nan
84.3200 -0.8609 -0.8609 nan
84.3600 -0.8696 -0.8696 nan
84.4000 -0.8783 -0.8783 nan
84.4400 -0.8870 -0.8870 nan
84.4800 -0.8957 -0.8957 nan
84.5200 -0.9044 -0.9044 nan
84.5600 -0.9130 -0.9130 nan
84.6000 -0.9217 -0.9217 nan
84.6400 -0.9304 -0.9304 nan
84.6800 -0.9391 -0.9391 nan
84.7200 -0.9478 -0.9478 nan
84.7600 -0.9565 -0.9565 nan
84.8000 -0.9652 -0.9652 nan
84.8400 -0.9739 -0.9739 nan
84.8800 -0.9825 -0.9825 nan
84.9200 -0.9912 -0.9912 nan
84.9600 -0.9998 -0.9998 nan
85.0000 -1.0085 -1.0085 nan
85.0400 -1.0171 -1.0171 nan
85.0800 -1.0257 -1.0257 nan
85.1200 -1.0343 -1.0343 nan
85.1600 -1.0429 -1.0429 nan
85.2000 -1.0515 -1.0515 nan
85.2400 -1.0601 -1.0601 nan
85.2800 -1.0686 -1.0686 nan
85.3200 -1.0772 -1.0772 nan
85.3600 -1.0857 -1.0857 nan
85.4000 -1.0942 -1.0942 nan
85.4400 -1.1027 -1.1027 nan
85.4800 -1.1112 -1.1112 nan
85.5200 -1.1196 -1.1196 nan
85.5600 -1.1280 -1.1280 nan
85.6000 -1.1364 -1.1364 nan
85.6400 -1.1448 -1.1448 nan
85.6800 -1.1532 -1.1532 nan
85.7200 -1.1615 -1.1615 nan
85.7600 -1.1698 -1.1698 nan
85.8000 -1.1781 -1.1781 nan
85.8400 -1.1864 -1.1864 nan
85.8800 -1.1946 -1.1946 nan
85.9200 -1.2028 -1.2028 nan
85.9600 -1.2110 -1.2110 nan
86.0000 -1.2191 -1.2191 nan
